'close-file','switch-file',584814,0,0,0,0,0,0,0.0,0.0,0,0,0,0,0,0,0,0.0,0,0,0.0,no-context-change
'open-file','switch-file',20116,0,0,0,0,0,0,0.0,0.0,0,0,0,0,0,0,0,0.0,0,0,0.0,no-context-change
'switch-file','open-file',12577,0,0,0,0,0,0,0.0,0.0,0,0,0,0,0,0,0,0.0,0,0,0.0,no-context-change
'switch-file','switch-file',104254,0,0,0,0,0,0,0.0,0.0,0,0,0,0,0,0,0,0.0,0,0,0.0,no-context-change
'close-file','switch-file',33412,0,0,0,0,0,0,0.0,0.0,0,0,0,0,0,0,0,0.0,0,0,0.0,no-context-change
'close-file','switch-file',105679,0,0,0,0,0,0,0.0,0.0,0,0,105679,105679,105679,105679,0,0.0,0,0,0.0,no-context-change
'add-file','add-package',26140,0,0,0,0,0,0,0.0,0.0,0,0,26140,26140,26140,26140,0,0.0,0,0,0.0,context-change
'add-file','add-file',214264,0,0,0,0,0,0,0.0,0.0,0,0,214264,214264,214264,214264,0,0.0,0,0,0.0,no-context-change
'add-package','add-file',108326,127,1,0,127,1,0,1.0,1.0,1,1,105938,108326,108326,105938,0,0.0,0,0,0.0,context-change
'add-file','add-package',28029,0,0,0,0,0,0,0.0,0.0,0,0,28029,28029,28029,28029,0,0.0,0,0,0.0,no-context-change
'switch-file','add-file',113286,49,0,0,49,0,0,0.0,0.0,0,0,85257,113286,113286,85257,0,0.0,0,0,0.0,no-context-change
'add-file','switch-file',21734,49,0,0,49,0,0,0.0,0.0,0,0,48923,6295,21734,91552,1,0.5,135024,0,0.0,no-context-change
'switch-file','add-file',136091,49,0,0,49,0,0,0.0,0.0,0,0,81742,22805,136091,22805,1,0.3333333333333333,157829,1,1.0,no-context-change
'switch-file','switch-file',5982,49,0,0,49,0,0,0.0,0.0,0,0,68803,243395,5982,130109,2,0.5,5984,0,0.0,no-context-change
'switch-file','switch-file',203231,49,0,0,49,0,0,0.0,0.0,0,0,142207,52128,203231,67140,3,0.6,203232,1,0.3333333333333333,no-context-change
'switch-file','switch-file',28114,49,0,0,49,0,0,0.0,0.0,0,0,56611,430476,28114,175117,4,0.6666666666666666,28161,2,0.5,no-context-change
'switch-file','switch-file',633614,11,7,6,7,0,0,0.0,0.0,0,0,556976,146910,633614,430383,5,0.7142857142857143,633615,3,0.6,no-context-change
'switch-file','switch-file',43722,0,4,0,6,1,0,0.0,0.0,0,0,102538,1076596,43722,589892,6,0.75,43723,4,0.6666666666666666,no-context-change
'switch-file','switch-file',123416,7,3,0,6,1,0,0.0,0.0,0,0,11451,1040624,123416,510198,7,0.7777777777777778,123418,5,0.7142857142857143,no-context-change
'switch-file','switch-file',41503,1,0,0,6,1,0,0.0,0.0,0,0,92218,1245953,41503,592111,8,0.8,41505,6,0.75,no-context-change
'switch-file','switch-file',66250,1,0,0,6,1,0,0.0,0.0,0,0,59088,1262709,66250,567364,9,0.8181818181818182,66252,7,0.7777777777777778,no-context-change
'switch-file','switch-file',26133,1,0,0,5,1,0,0.0,0.0,0,0,94281,1369076,26133,607481,10,0.8333333333333334,26135,8,0.8,no-context-change
'switch-file','switch-file',897634,29,3,0,7,1,0,0.0,0.0,0,0,784473,523708,897634,264020,11,0.8461538461538461,897636,9,0.8181818181818182,no-context-change
'switch-file','switch-file',10935,29,3,0,7,1,0,1.0,1.0,1,1,158260,2308041,10935,886699,12,0.8571428571428571,10936,10,0.8333333333333334,context-change
'switch-file','switch-file',113797,45,0,0,45,0,0,1.0,1.0,1,1,113797,113797,113797,113797,0,0.0,0,0,0.0,context-change
'switch-file','switch-file',90199,0,0,0,0,0,0,1.0,1.0,1,1,90199,90199,90199,90199,0,0.0,0,0,0.0,no-context-change
'switch-file','switch-file',9247,0,0,0,0,0,0,0.0,0.0,0,0,80952,80952,9247,80952,1,1.0,9249,0,0.0,no-context-change
'switch-file','switch-file',175407,4,0,0,1,0,0,1.0,2.0,1,1,125684,75961,175407,85208,2,1.0,175409,1,1.0,no-context-change
'switch-file','switch-file',94835,4,0,0,2,0,0,0.6666666666666666,2.0,0,1,3218,180018,94835,80572,3,1.0,94837,2,2.0,no-context-change
'switch-file','switch-file',231732,8,5,0,3,1,0,0.5,1.0,1,0,139310,137956,231732,56325,4,1.0,231733,3,1.5,context-change
'switch-file','switch-file',606729,34,0,0,34,0,0,1.0,1.0,1,1,606729,606729,606729,606729,0,0.0,0,0,0.0,context-change
'switch-file','switch-file',86319,0,2,0,0,2,0,0.0,0.0,0,0,86319,86319,86319,86319,0,0.0,0,0,0.0,no-context-change
'switch-file','switch-file',34545,0,2,0,0,2,0,0.0,0.0,0,0,51774,51774,34545,51774,1,1.0,34546,0,0.0,no-context-change
'switch-file','switch-file',744835,21,1,0,7,1,0,0.0,0.0,0,0,684403,623971,744835,658516,2,1.0,744837,1,1.0,no-context-change
'switch-file','switch-file',5823,21,1,0,7,1,0,1.0,1.0,1,1,282743,859876,5823,739012,3,1.0,5824,2,2.0,context-change
'switch-file','switch-file',123357,11,0,0,11,0,0,1.0,1.0,1,1,123357,123357,123357,123357,0,0.0,0,0,0.0,context-change
'switch-file','switch-file',19125,0,0,0,0,0,0,1.0,1.0,1,1,19125,19125,19125,19125,0,0.0,0,0,0.0,no-context-change
'switch-file','switch-file',16041,0,1,0,0,0,0,0.0,0.0,0,0,3084,3084,16041,3084,1,1.0,16043,0,0.0,no-context-change
'switch-file','switch-file',88248,0,1,0,0,0,0,1.0,2.0,1,1,70665,53082,88248,69123,2,1.0,88249,1,1.0,no-context-change
'add-file','switch-file',207665,0,1,0,0,0,0,0.33333333333333337,1.0,1,0,166527,207665,207665,119417,0,0.0,0,0,0.0,context-change
'add-package','add-file',412017,0,0,0,0,0,0,1.0,1.0,1,1,412017,412017,412017,412017,0,0.0,0,0,0.0,context-change
'add-file','add-package',51582,0,0,0,0,0,0,0.0,0.0,0,0,51582,51582,51582,51582,0,0.0,0,0,0.0,no-context-change
'add-file','add-file',74419,0,0,0,0,0,0,0.0,0.0,0,0,22837,22837,74419,22837,1,1.0,74421,0,0.0,no-context-change
'switch-file','add-file',227659,18,1,0,6,0,0,0.0,0.0,0,0,164659,227659,227659,153240,0,0.0,0,0,0.0,no-context-change
'switch-file','switch-file',11475,2,0,0,7,0,0,0.0,0.0,0,0,51525,11475,11475,62944,0,0.0,0,0,0.0,no-context-change
'switch-file','switch-file',14191,2,0,0,7,0,0,0.0,0.0,0,0,77092,224943,14191,213468,2,0.5,14193,1,0.5,no-context-change
'switch-file','close-file',6882,2,0,0,7,0,0,1.0,1.0,1,1,56342,246443,6882,220777,3,0.5,6907,0,0.0,no-context-change
'open-file','close-file',593523,66,0,0,66,0,0,0.0,0.0,0,0,593523,593523,593523,593523,0,0.0,0,0,0.0,context-change
'close-file','open-file',392759,0,0,0,0,0,0,1.0,1.0,1,1,392759,392759,392759,392759,0,0.0,0,0,0.0,no-context-change
'switch-file','open-file',245845,0,0,0,0,0,0,0.0,0.0,0,0,245845,245845,245845,245845,0,0.0,0,0,0.0,no-context-change
'open-file','switch-file',573000,0,0,0,0,0,0,0.0,0.0,0,0,450078,573000,573000,327155,1,0.5,818852,0,0.0,context-change
'switch-file','open-file',70987,0,0,0,0,0,0,0.0,0.0,0,0,70987,70987,70987,70987,0,0.0,0,0,0.0,context-change
'add-package','switch-file',153527,0,0,0,0,0,0,1.0,1.0,1,1,153527,153527,153527,153527,0,0.0,0,0,0.0,context-change
'add-file','add-package',13521,0,0,0,0,0,0,0.0,0.0,0,0,13521,13521,13521,13521,0,0.0,0,0,0.0,no-context-change
'switch-file','add-file',110021,1,0,2,1,0,2,0.0,0.0,0,0,96500,110021,110021,96500,0,0.0,0,0,0.0,no-context-change
'switch-file','switch-file',7268,1,0,2,1,0,2,1.0,1.0,1,1,54503,102753,7268,102753,1,0.5,7269,0,0.0,no-context-change
'switch-file','switch-file',96440,1,0,2,1,0,2,0.6666666666666667,0.0,0,0,52837,20849,96440,13581,2,0.6666666666666666,96441,1,1.0,no-context-change
'open-file','switch-file',43433,0,1,0,0,0,0,0.3333333333333333,0.0,1,1,170,43433,43433,66588,0,0.0,0,0,0.0,context-change
'delete-file','open-file',35600,0,0,0,0,0,0,0.0,0.0,0,0,35600,35600,35600,35600,0,0.0,0,0,0.0,no-context-change
'switch-file','delete-file',25770,0,0,0,0,0,0,0.0,0.0,0,0,9830,25770,25770,9830,0,0.0,0,0,0.0,no-context-change
'switch-file','switch-file',11579,0,0,0,0,0,0,1.0,1.0,1,1,19106,14191,11579,24021,1,0.5,11582,0,0.0,no-context-change
'switch-file','switch-file',6409,0,0,0,0,0,0,0.6666666666666667,0.0,0,0,17907,30940,6409,29191,2,0.6666666666666666,6410,1,1.0,no-context-change
'switch-file','switch-file',7737,0,0,0,0,0,0,0.5,1.0,0,0,12102,36021,7737,27863,3,0.75,7739,2,1.0,no-context-change
'switch-file','switch-file',16281,0,0,0,0,0,0,0.4,2.0,0,0,1138,35214,16281,19319,4,0.8,16282,3,1.0,no-context-change
'add-file','switch-file',456859,0,0,0,0,0,0,0.6666666666666666,0.0,1,1,439630,456859,456859,421259,0,0.0,0,0,0.0,context-change
'switch-file','add-file',238635,0,0,0,0,0,0,0.0,0.0,0,0,238635,238635,238635,238635,0,0.0,0,0,0.0,no-context-change
'switch-file','switch-file',5423,0,0,0,0,0,0,0.0,0.0,0,0,233212,233212,5423,233212,1,1.0,5425,0,0.0,no-context-change
'switch-file','switch-file',4030,0,0,0,0,0,0,0.0,0.0,0,0,117999,240028,4030,234605,2,1.0,4031,1,1.0,no-context-change
'switch-file','switch-file',438640,34,0,0,8,0,0,1.0,1.0,1,1,355944,190552,438640,200005,3,1.0,438642,2,2.0,no-context-change
'switch-file','switch-file',7380,34,0,0,8,0,0,0.25,1.0,1,1,164302,679348,7380,431260,4,1.0,7382,3,1.5,no-context-change
'switch-file','switch-file',45381,34,0,0,8,0,0,0.8,0.0,1,0,93440,648727,45381,393259,5,1.0,45382,4,1.3333333333333333,no-context-change
'switch-file','switch-file',49733,34,0,0,8,0,0,0.6666666666666667,1.0,0,0,73515,689756,49733,388907,6,1.0,49735,5,1.25,no-context-change
'close-file','switch-file',196901,34,0,0,8,0,0,0.42857142857142855,0.0,1,1,84155,196901,196901,241739,0,0.0,0,0,0.0,no-context-change
'add-file','switch-file',27497,0,0,0,0,0,0,1.0,1.0,1,1,27497,27497,27497,27497,0,0.0,0,0,0.0,context-change
'open-file','add-file',73397,0,0,0,0,0,0,1.0,1.0,1,1,73397,73397,73397,73397,0,0.0,0,0,0.0,no-context-change
'switch-file','open-file',27174,0,0,0,0,0,0,0.0,1.0,0,0,46223,27174,27174,46223,0,0.0,0,0,0.0,no-context-change
'add-file','switch-file',5087707,0,0,0,0,0,0,1.0,0.0,1,1,5037422,5087707,5087707,5014310,0,0.0,0,0,0.0,no-context-change
'add-file','switch-file',5087707,0,0,0,0,0,0,1.0,0.0,1,1,5037422,5087707,5087707,5014310,0,0.0,0,0,0.0,no-context-change
'delete-file','add-file',43446,65,0,0,21,0,0,0.6666666666666666,0.0,0,1,1685980,43446,43446,5044261,0,0.0,0,0,0.0,no-context-change
'close-file','delete-file',14081,65,0,0,21,0,0,0.6,1.0,1,0,2049805,14081,14081,5073626,0,0.0,0,0,0.0,no-context-change
'switch-file','switch-file',7340,0,0,0,0,0,0,0.0,0.0,0,0,7340,7340,7340,7340,1,1.0,7344,0,0.0,no-context-change
'open-file','switch-file',5571,0,0,0,0,0,0,1.0,1.0,1,1,1901,5571,5571,1769,0,0.0,0,0,0.0,no-context-change
'open-file','open-file',5910,0,0,0,0,0,0,0.3333333333333333,1.0,1,1,1607,339,5910,1430,1,0.3333333333333333,5912,0,0.0,no-context-change
'switch-file','open-file',1052,0,0,0,0,0,0,0.3333333333333333,0.0,1,1,3251,6288,1052,6288,2,0.6666666666666666,12538,0,0.0,no-context-change
'close-file','switch-file',7565,0,0,0,0,0,0,0.8,1.0,1,0,3591,7565,7565,225,0,0.0,0,0,0.0,no-context-change
'close-file','close-file',5351,0,0,0,0,0,0,0.6666666666666667,0.0,0,0,778,2214,5351,2214,1,0.16666666666666666,5354,0,0.0,no-context-change
'close-file','close-file',4764,0,0,0,0,0,0,0.5714285714285714,1.0,0,0,80,8152,4764,2801,2,0.2857142857142857,4765,1,0.2,no-context-change
'close-file','close-file',5868,0,0,0,0,0,0,0.5,2.0,0,0,1174,11812,5868,1697,3,0.375,5871,2,0.3333333333333333,no-context-change
'open-file','close-file',7290,0,0,0,0,0,0,0.5555555555555556,1.0,1,1,2466,4191,7290,275,2,0.2222222222222222,31905,0,0.0,no-context-change
'close-file','open-file',7443,0,0,0,0,0,0,0.5,4.0,0,1,2372,16105,7443,122,4,0.4,14738,0,0.0,no-context-change
'add-package','close-file',41926,0,0,0,0,0,0,0.5454545454545454,1.0,1,0,36640,41926,41926,34361,0,0.0,0,0,0.0,context-change
'add-file','add-package',44310,0,0,0,0,0,0,0.0,0.0,0,0,44310,44310,44310,44310,0,0.0,0,0,0.0,no-context-change
'add-file','add-file',59381,0,0,0,0,0,0,1.0,1.0,1,1,15071,15071,59381,15071,1,1.0,59384,0,0.0,context-change
'open-file','add-file',290260,0,0,0,0,0,0,0.0,0.0,0,0,290260,290260,290260,290260,0,0.0,0,0,0.0,no-context-change
'switch-file','open-file',13162,0,0,0,0,0,0,0.0,0.0,0,0,277098,13162,13162,277098,0,0.0,0,0,0.0,no-context-change
'switch-file','switch-file',717002,62,0,0,20,0,0,0.0,0.0,0,0,565291,703840,717002,426742,1,0.5,717005,0,0.0,no-context-change
'switch-file','switch-file',16429,62,0,0,20,0,0,0.0,0.0,0,0,323712,713735,16429,700573,2,0.6666666666666666,16430,1,1.0,no-context-change
'switch-file','switch-file',217080,3,16,2,13,3,0,1.0,1.0,1,1,42133,529513,217080,499922,3,0.75,217082,2,1.0,context-change
'switch-file','switch-file',134850,0,5,0,0,5,0,1.0,1.0,1,1,134850,134850,134850,134850,0,0.0,0,0,0.0,no-context-change
'switch-file','switch-file',14860,0,5,0,0,5,0,1.0,1.0,1,1,119990,119990,14860,119990,1,1.0,14861,0,0.0,no-context-change
'switch-file','switch-file',10439,0,5,0,0,5,0,0.5,0.0,1,0,64416,139271,10439,124411,2,1.0,10440,1,1.0,no-context-change
'switch-file','switch-file',73025,0,5,0,0,5,0,0.33333333333333337,1.0,0,0,19642,87124,73025,61825,3,1.0,73028,2,2.0,no-context-change
'switch-file','switch-file',32751,0,5,0,0,5,0,0.25,2.0,0,0,25542,200423,32751,102099,4,1.0,32755,3,1.5,no-context-change
'switch-file','switch-file',100193,0,5,0,0,5,0,0.19999999999999996,3.0,0,0,47008,165732,100193,34657,5,1.0,100195,4,1.3333333333333333,no-context-change
'switch-file','switch-file',51380,0,5,0,0,5,0,0.16666666666666663,4.0,0,0,9639,314738,51380,83470,6,1.0,51382,5,1.25,no-context-change
'switch-file','switch-file',9114,0,5,0,0,5,0,0.1428571428571429,5.0,0,0,50528,408384,9114,125736,7,1.0,9116,6,1.2,no-context-change
'switch-file','switch-file',18079,0,5,0,0,5,0,0.125,6.0,0,0,35247,408533,18079,116771,8,1.0,18081,7,1.1666666666666667,no-context-change
'switch-file','switch-file',634959,77,17,0,7,2,0,0.11111111111111116,7.0,0,0,585549,190268,634959,500109,9,1.0,634961,8,1.1428571428571428,context-change
'switch-file','switch-file',1572190,0,0,0,0,0,0,1.0,1.0,1,1,1572190,1572190,1572190,1572190,0,0.0,0,0,0.0,context-change
'close-file','switch-file',7637301,0,0,0,0,0,0,1.0,1.0,1,1,7637301,7637301,7637301,7637301,0,0.0,0,0,0.0,no-context-change
'switch-file','switch-file',16899,0,0,0,0,0,0,1.0,1.0,1,1,16899,16899,16899,16899,1,1.0,16907,0,0.0,no-context-change
'open-file','switch-file',6202,0,0,0,0,0,0,0.5,0.0,1,1,2247,6202,6202,10697,0,0.0,0,0,0.0,no-context-change
'switch-file','open-file',6904,0,0,0,0,0,0,0.3333333333333333,1.0,0,1,796,9995,6904,9995,2,0.6666666666666666,13110,0,0.0,no-context-change
'add-file','switch-file',49040,0,0,0,0,0,0,0.75,1.0,1,0,41539,49040,49040,32141,0,0.0,0,0,0.0,context-change
'switch-file','add-file',91002,0,0,0,0,0,0,0.0,0.0,0,0,91002,91002,91002,91002,0,0.0,0,0,0.0,no-context-change
'switch-file','switch-file',18904,0,0,0,0,0,0,0.0,0.0,0,0,72098,72098,18904,72098,1,1.0,18906,0,0.0,no-context-change
'add-file','switch-file',3610006,0,0,0,0,0,0,0.0,0.0,0,0,3555053,3610006,3610006,3519004,0,0.0,0,0,0.0,context-change
'switch-file','add-file',2737939,108,7,0,108,7,0,1.0,1.0,1,1,2737939,2737939,2737939,2737939,0,0.0,0,0,0.0,context-change
'close-file','switch-file',500838,0,0,0,0,0,0,1.0,1.0,1,1,500838,500838,500838,500838,0,0.0,0,0,0.0,no-context-change
'close-file','close-file',199,0,0,0,0,0,0,0.0,0.0,0,0,199,199,199,199,0,0.0,0,0,0.0,no-context-change
'open-file','open-file',9271,0,0,0,0,0,0,1.0,1.0,1,1,9271,9271,9271,9271,1,1.0,9279,0,0.0,no-context-change
'open-file','open-file',10355,0,0,0,0,0,0,0.5,0.0,0,0,5720,1084,10355,1084,2,1.0,10356,1,1.0,no-context-change
'switch-file','open-file',7715,0,0,0,0,0,0,0.33333333333333337,1.0,0,0,1173,7715,7715,2640,0,0.0,0,0,0.0,context-change
'open-file','switch-file',2201119,19,21,0,19,21,0,0.0,0.0,0,0,2201119,2201119,2201119,2201119,0,0.0,0,0,0.0,context-change
'switch-file','open-file',2300053,0,0,0,0,0,0,0.0,0.0,0,0,2300053,2300053,2300053,2300053,0,0.0,0,0,0.0,no-context-change
'close-file','switch-file',269516,0,0,0,0,0,0,0.0,0.0,0,0,2030537,269516,269516,2030537,0,0.0,0,0,0.0,no-context-change
'close-file','close-file',102,0,0,0,0,0,0,1.0,1.0,1,1,2299951,102,102,2299951,0,0.0,0,0,0.0,no-context-change
'switch-file','open-file',1026097,15,2,0,15,2,0,0.0,0.0,0,0,1026097,1026097,1026097,1026097,0,0.0,0,0,0.0,context-change
'open-file','switch-file',61915,0,0,0,0,0,0,0.0,0.0,0,0,61915,61915,61915,61915,0,0.0,0,0,0.0,no-context-change
'switch-file','open-file',20515,0,0,0,0,0,0,0.0,0.0,0,0,41400,20515,20515,41400,0,0.0,0,0,0.0,no-context-change
'switch-file','switch-file',258575,0,2,0,0,0,0,0.0,0.0,0,0,217360,238060,258575,196660,1,0.5,258577,0,0.0,no-context-change
'close-file','switch-file',82215,0,2,0,0,0,0,0.0,0.0,0,0,31453,82215,82215,176360,0,0.0,0,0,0.0,no-context-change
'open-file','switch-file',1408389,3,7,0,1,3,0,0.0,0.0,0,0,1408389,1408389,1408389,1408389,0,0.0,0,0,0.0,no-context-change
'switch-file','open-file',218053,3,7,0,1,3,0,0.0,0.0,0,0,486141,218053,218053,1190336,1,0.5,1626448,0,0.0,no-context-change
'switch-file','switch-file',740660,2,2,0,1,2,0,0.0,0.0,0,0,198513,522607,740660,667729,2,0.6666666666666666,740661,0,0.0,context-change
'switch-file','switch-file',641279,0,3,0,0,3,0,0.0,0.0,0,0,641279,641279,641279,641279,0,0.0,0,0,0.0,context-change
'open-file','switch-file',120637,0,4,0,0,4,0,1.0,1.0,1,1,120637,120637,120637,120637,0,0.0,0,0,0.0,context-change
'switch-file','open-file',133214,0,0,0,0,0,0,0.0,0.0,0,0,133214,133214,133214,133214,0,0.0,0,0,0.0,no-context-change
'switch-file','switch-file',457056,1,0,0,0,0,0,1.0,1.0,1,1,323842,323842,457056,323842,1,1.0,457057,0,0.0,context-change
'switch-file','switch-file',536352,0,4,0,0,4,0,0.0,0.0,0,0,536352,536352,536352,536352,0,0.0,0,0,0.0,context-change
'switch-file','switch-file',1298768,0,2,0,0,2,0,0.0,0.0,0,0,1298768,1298768,1298768,1298768,0,0.0,0,0,0.0,context-change
'switch-file','switch-file',363681,0,5,0,0,5,0,0.0,0.0,0,0,363681,363681,363681,363681,0,0.0,0,0,0.0,context-change
'switch-file','switch-file',863058,0,2,0,0,2,0,0.0,0.0,0,0,863058,863058,863058,863058,0,0.0,0,0,0.0,no-context-change
'switch-file','switch-file',365090,0,4,0,0,3,0,0.0,0.0,0,0,497968,497968,365090,497968,1,1.0,365091,0,0.0,context-change
'switch-file','switch-file',1181605,0,0,0,0,0,0,1.0,1.0,1,1,1181605,1181605,1181605,1181605,0,0.0,0,0,0.0,context-change
'switch-file','switch-file',312796,0,2,0,0,2,0,1.0,1.0,1,1,312796,312796,312796,312796,0,0.0,0,0,0.0,context-change
'add-file','switch-file',29025,0,0,0,0,0,0,1.0,1.0,1,1,29025,29025,29025,29025,0,0.0,0,0,0.0,context-change
'switch-file','add-file',2135333,0,0,0,0,0,0,0.0,0.0,0,0,2135333,2135333,2135333,2135333,0,0.0,0,0,0.0,no-context-change
'switch-file','switch-file',2856870,0,0,0,0,0,0,1.0,1.0,1,1,721537,721537,2856870,721537,1,1.0,2856872,0,0.0,context-change
'switch-file','switch-file',824887,15,15,8,15,15,8,1.0,1.0,1,1,824887,824887,824887,824887,0,0.0,0,0,0.0,context-change
'switch-file','switch-file',353558,7,9,0,7,9,0,1.0,1.0,1,1,353558,353558,353558,353558,0,0.0,0,0,0.0,context-change
'open-file','add-project',174135,0,0,0,0,0,0,0.0,0.0,0,0,174135,174135,174135,174135,0,0.0,0,0,0.0,context-change
'open-file','open-file',30466,0,0,0,0,0,0,0.0,0.0,0,0,30466,30466,30466,30466,0,0.0,0,0,0.0,no-context-change
'switch-file','open-file',25891,0,0,0,0,0,0,0.0,0.0,0,0,4575,25891,25891,4575,0,0.0,0,0,0.0,no-context-change
'close-file','close-file',7894,0,0,0,0,0,0,0.0,0.0,0,0,10895,7883,7894,22572,1,0.3333333333333333,7895,0,0.0,no-context-change
'open-file','close-file',69099,0,0,0,0,0,0,7.0,7.0,7,7,53034,38633,69099,38633,1,0.25,102899,0,0.0,context-change
'open-file','open-file',81535,0,0,0,0,0,0,1.0,1.0,1,1,81535,81535,81535,81535,0,0.0,0,0,0.0,no-context-change
'open-file','open-file',70426,0,0,0,0,0,0,2.0,2.0,2,2,11109,11109,70426,11109,1,1.0,70427,0,0.0,no-context-change
'open-file','open-file',33243,0,0,0,0,0,0,0.0,2.0,1,1,42737,118718,33243,48292,2,1.0,33244,1,1.0,no-context-change
'open-file','open-file',9465,0,0,0,0,0,0,1.0,5.0,0,2,52269,175739,9465,72070,3,1.0,9465,2,2.0,no-context-change
'switch-file','open-file',8696,0,0,0,0,0,0,2.25,4.0,3,1,39971,8696,8696,72839,0,0.0,0,0,0.0,no-context-change
'switch-file','switch-file',12047,0,0,0,0,0,0,0.20000000000000018,2.0,1,2,28626,3351,12047,69488,1,0.2,12048,0,0.0,no-context-change
'switch-file','switch-file',7898,0,0,0,0,0,0,0.16666666666666652,4.0,1,2,28004,12845,7898,73637,2,0.3333333333333333,7899,1,0.25,no-context-change
'switch-file','switch-file',6811,0,0,0,0,0,0,0.8571428571428572,5.0,2,1,25090,21830,6811,74724,3,0.42857142857142855,6813,2,0.4,no-context-change
'open-file','switch-file',7711,0,0,0,0,0,0,1.25,6.0,0,3,21054,186958,7711,73824,4,0.5,43169,0,0.0,no-context-change
'close-file','open-file',23123,0,0,0,0,0,0,2.111111111111111,0.0,1,4,3302,23123,23123,58412,0,0.0,0,0,0.0,no-context-change
'switch-file','close-file',3988,0,0,0,0,0,0,0.10000000000000009,9.0,2,2,22107,31464,3988,77547,4,0.4,34825,0,0.0,no-context-change
'switch-file','switch-file',4266,0,0,0,0,0,0,1.0909090909090908,10.0,1,1,19819,35174,4266,77269,5,0.45454545454545453,4267,3,0.3333333333333333,no-context-change
'close-file','close-file',10510,0,0,0,0,0,0,0.9230769230769229,0.0,1,1,10199,12623,10510,71025,2,0.15384615384615385,10512,0,0.0,no-context-change
'switch-file','close-file',4950,0,0,0,0,0,0,1.1428571428571428,15.0,1,3,15030,38756,4950,76585,6,0.42857142857142855,15475,1,0.08333333333333333,no-context-change
'close-file','switch-file',6235,0,0,0,0,0,0,1.0666666666666669,5.0,0,3,12743,27408,6235,75300,3,0.2,11188,1,0.07692307692307693,no-context-change
'close-file','close-file',4031,0,0,0,0,0,0,1.0,6.0,0,3,14151,35847,4031,77504,4,0.25,4033,1,0.07142857142857142,no-context-change
'open-file','close-file',15479,0,0,0,0,0,0,3.0588235294117645,3.0,4,1,1870,186901,15479,66056,5,0.29411764705882354,72606,0,0.0,context-change
'open-file','open-file',18482,0,0,0,0,0,0,1.0,1.0,1,1,18482,18482,18482,18482,0,0.0,0,0,0.0,no-context-change
'open-file','open-file',5034,0,0,0,0,0,0,1.0,1.0,1,1,13448,13448,5034,13448,1,1.0,5035,0,0.0,no-context-change
'open-file','open-file',13653,0,0,0,0,0,0,0.5,0.0,1,0,1895,9863,13653,4829,2,1.0,13654,1,1.0,no-context-change
'open-file','open-file',5147,0,0,0,0,0,0,0.6666666666666666,2.0,1,1,7242,32022,5147,13335,3,1.0,5147,2,2.0,no-context-change
'switch-file','open-file',2993,0,0,0,0,0,0,0.5,1.0,1,0,7586,2993,2993,15489,0,0.0,0,0,0.0,no-context-change
'close-file','switch-file',3304,0,0,0,0,0,0,0.4,1.0,0,0,5757,3304,3304,15178,0,0.0,0,0,0.0,no-context-change
'switch-file','close-file',3512,0,0,0,0,0,0,0.33333333333333337,0.0,0,0,4590,519,3512,14970,1,0.16666666666666666,6819,0,0.0,no-context-change
'close-file','switch-file',2949,0,0,0,0,0,0,0.7142857142857143,1.0,1,1,4497,355,2949,15533,1,0.14285714285714285,6464,1,0.2,no-context-change
'open-file','close-file',5568,0,0,0,0,0,0,0.375,1.0,1,0,1316,36748,5568,12914,4,0.5,18332,0,0.0,no-context-change
'switch-file','open-file',4138,0,0,0,0,0,0,0.33333333333333337,1.0,0,0,2600,2367,4138,14344,2,0.2222222222222222,12659,1,0.14285714285714285,no-context-change
'switch-file','switch-file',5050,0,0,0,0,0,0,0.30000000000000004,2.0,0,0,1428,5593,5050,13432,3,0.3,5051,0,0.0,no-context-change
'open-file','switch-file',17786,0,0,0,0,0,0,0.7272727272727273,3.0,1,1,11438,30098,17786,696,5,0.45454545454545453,26979,0,0.0,no-context-change
'close-file','open-file',4807,0,0,0,0,0,0,0.33333333333333337,0.0,1,0,2494,1446,4807,13675,2,0.16666666666666666,37356,0,0.0,no-context-change
'switch-file','close-file',3819,0,0,0,0,0,0,0.3076923076923077,3.0,0,0,3290,11874,3819,14663,4,0.3076923076923077,26417,1,0.09090909090909091,no-context-change
'open-file','switch-file',20132,0,0,0,0,0,0,0.2857142857142857,2.0,0,0,13258,45538,20132,1650,6,0.42857142857142855,28763,1,0.08333333333333333,no-context-change
'close-file','open-file',4214,0,0,0,0,0,0,0.7333333333333333,2.0,1,1,3544,6846,4214,15918,3,0.2,28171,1,0.07692307692307693,no-context-change
'close-file','close-file',4900,0,0,0,0,0,0,0.3125,1.0,1,0,2636,10374,4900,15232,4,0.25,4901,0,0.0,no-context-change
'switch-file','close-file',2408,0,0,0,0,0,0,0.7058823529411765,5.0,1,1,4973,17104,2408,17724,5,0.29411764705882354,31660,2,0.13333333333333333,no-context-change
'close-file','close-file',3187,0,0,0,0,0,0,0.3157894736842105,3.0,0,0,3544,16996,3187,16945,6,0.3157894736842105,3189,1,0.058823529411764705,no-context-change
'switch-file','close-file',2637,0,0,0,0,0,0,3.3,1.0,3,3,3917,19283,2637,17495,6,0.3,5838,3,0.16666666666666666,no-context-change
'close-file','close-file',2503,0,0,0,0,0,0,3.0,5.0,3,0,3576,20878,2503,17629,8,0.36363636363636365,2505,2,0.1,no-context-change
'open-file','close-file',30531,0,0,0,0,0,0,4.869565217391305,2.0,5,2,24608,55271,30531,10399,7,0.30434782608695654,50412,1,0.047619047619047616,context-change
'open-file','open-file',8695,0,0,0,0,0,0,1.0,1.0,1,1,8695,8695,8695,8695,0,0.0,0,0,0.0,context-change
'open-file','open-file',12134,0,0,0,0,0,0,0.0,0.0,0,0,12134,12134,12134,12134,0,0.0,0,0,0.0,no-context-change
'switch-file','open-file',8740,0,0,0,0,0,0,1.0,1.0,1,1,3394,8740,8740,3394,0,0.0,0,0,0.0,no-context-change
'open-file','switch-file',2404,0,0,0,0,0,0,0.0,0.0,0,0,9730,9730,2404,9730,1,1.0,11145,0,0.0,no-context-change
'open-file','open-file',7897,0,0,0,0,0,0,0.5,1.0,0,0,2540,4237,7897,4237,1,0.5,19044,0,0.0,no-context-change
'open-file','open-file',5762,0,0,0,0,0,0,0.6666666666666667,1.0,1,0,1997,8776,5762,6372,2,0.6666666666666666,13661,0,0.0,no-context-change
'open-file','open-file',1623,0,0,0,0,0,0,0.5,1.0,1,1,6170,20812,1623,10511,3,0.75,7386,1,0.5,no-context-change
'open-file','open-file',1517,0,0,0,0,0,0,0.6,2.0,1,1,5870,26680,1517,10617,4,0.8,3143,2,0.6666666666666666,no-context-change
'switch-file','open-file',1628,0,0,0,0,0,0,0.5,1.0,0,1,4798,7112,1628,10506,1,0.16666666666666666,20838,1,0.25,no-context-change
'switch-file','switch-file',2802,0,0,0,0,0,0,0.42857142857142855,1.0,0,1,2923,5938,2802,9332,1,0.14285714285714285,23642,0,0.0,no-context-change
'switch-file','switch-file',977,0,0,0,0,0,0,0.375,1.0,0,1,4236,9391,977,11157,2,0.25,3783,0,0.0,no-context-change
'switch-file','switch-file',1143,0,0,0,0,0,0,0.6666666666666667,0.0,1,0,3802,12027,1143,10991,3,0.3333333333333333,2123,1,0.14285714285714285,no-context-change
'open-file','switch-file',2762,0,0,0,0,0,0,0.7,1.0,1,0,1786,28575,2762,9372,6,0.6,9318,1,0.125,no-context-change
'open-file','open-file',1745,0,0,0,0,0,0,0.36363636363636365,2.0,1,1,2493,29592,1745,10389,6,0.5454545454545454,11064,4,0.4444444444444444,no-context-change
'close-file','open-file',1474,0,0,0,0,0,0,0.5833333333333333,1.0,0,0,2641,1474,1474,10660,0,0.0,0,0,0.0,no-context-change
'close-file','close-file',1979,0,0,0,0,0,0,0.38461538461538464,0.0,0,1,1954,1979,1979,10155,0,0.0,0,0,0.0,no-context-change
'close-file','close-file',8969,0,0,0,0,0,0,0.5714285714285714,0.0,0,0,5212,7495,8969,3165,1,0.07142857142857142,10950,0,0.0,no-context-change
'close-file','close-file',3316,0,0,0,0,0,0,0.6,0.0,1,0,323,137,3316,8818,2,0.13333333333333333,12287,1,0.07692307692307693,no-context-change
'close-file','close-file',1613,0,0,0,0,0,0,0.5625,1.0,0,0,2359,10809,1613,10521,3,0.1875,4933,2,0.14285714285714285,no-context-change
'open-file','close-file',1079,0,0,0,0,0,0,0.47058823529411764,3.0,1,1,2854,34765,1079,11055,8,0.47058823529411764,18440,0,0.0,no-context-change
'open-file','open-file',7477,0,0,0,0,0,0,0.5,3.0,1,1,3673,28367,7477,4657,8,0.4444444444444444,25917,5,0.3125,no-context-change
'open-file','open-file',3910,0,0,0,0,0,0,0.47368421052631576,3.0,0,1,249,33013,3910,8224,9,0.47368421052631576,11388,5,0.29411764705882354,no-context-change
'close-file','open-file',4545,0,0,0,0,0,0,0.45,4.0,0,1,693,12806,4545,7589,5,0.25,17016,1,0.05555555555555555,no-context-change
'close-file','close-file',1405,0,0,0,0,0,0,0.5714285714285714,3.0,1,0,2449,15946,1405,10729,5,0.23809523809523808,18423,4,0.21052631578947367,no-context-change
'close-file','close-file',1035,0,0,0,0,0,0,0.5909090909090908,3.0,1,0,2851,20861,1035,11099,6,0.2727272727272727,2443,4,0.2,no-context-change
'close-file','close-file',1091,0,0,0,0,0,0,0.5652173913043479,4.0,0,0,2687,22210,1091,11043,7,0.30434782608695654,2129,5,0.23809523809523808,no-context-change
'close-file','close-file',1604,0,0,0,0,0,0,0.5416666666666667,5.0,0,0,2060,22732,1604,10530,8,0.3333333333333333,2699,6,0.2727272727272727,no-context-change
'close-file','close-file',2254,0,0,0,0,0,0,0.52,6.0,0,0,1307,23173,2254,9880,9,0.36,3861,7,0.30434782608695654,no-context-change
'close-file','close-file',16468,0,0,0,0,0,0,0.5185185185185185,9.0,1,1,13028,12817,16468,4334,11,0.4074074074074074,16470,9,0.36,no-context-change
'open-file','close-file',27900,0,0,0,0,0,0,3.5,1.0,4,3,23995,20410,27900,11432,11,0.39285714285714285,56316,1,0.038461538461538464,context-change
'open-file','open-file',3880,0,0,0,0,0,0,0.0,0.0,0,0,3880,3880,3880,3880,0,0.0,0,0,0.0,no-context-change
'open-file','open-file',3896,0,0,0,0,0,0,0.0,0.0,0,0,3896,3896,3896,3896,0,0.0,0,0,0.0,no-context-change
'open-file','open-file',2672,0,0,0,0,0,0,0.0,0.0,0,0,1208,1208,2672,1208,1,1.0,6571,0,0.0,no-context-change
'switch-file','open-file',1835,0,0,0,0,0,0,0.0,0.0,0,0,2053,1835,1835,2061,0,0.0,0,0,0.0,no-context-change
'switch-file','switch-file',1624,0,0,0,0,0,0,0.0,0.0,0,0,1858,1624,1624,2272,0,0.0,0,0,0.0,no-context-change
'open-file','switch-file',3264,0,0,0,0,0,0,0.0,0.0,0,0,194,7184,3264,632,3,0.75,6725,0,0.0,no-context-change
'open-file','open-file',4561,0,0,0,0,0,0,0.0,0.0,0,0,1780,5887,4561,665,3,0.6,11287,2,0.6666666666666666,no-context-change
'open-file','open-file',3851,0,0,0,0,0,0,0.0,0.0,0,0,990,9861,3851,45,4,0.6666666666666666,8414,2,0.5,no-context-change
'switch-file','open-file',120322,0,0,0,0,0,0,0.0,0.0,0,0,117125,116863,120322,115761,2,0.25,132002,1,0.16666666666666666,no-context-change
'switch-file','close-file',690,0,0,0,0,0,0,0.0,0.0,0,0,15521,123091,690,119632,3,0.3333333333333333,703,0,0.0,no-context-change
'switch-file','close-file',1226,0,0,0,0,0,0,0.0,0.0,0,0,12101,123245,1226,119096,4,0.36363636363636365,1238,1,0.1111111111111111,no-context-change
'close-file','close-file',1408,0,0,0,0,0,0,0.0,0.0,0,0,9964,1388,1408,118914,2,0.15384615384615385,2648,0,0.0,no-context-change
'close-file','close-file',925,0,0,0,0,0,0,4.0,4.0,4,4,9635,895,925,119397,3,0.21428571428571427,2337,0,0.0,no-context-change
'close-file','close-file',1041,0,0,0,0,0,0,4.0,4.0,4,4,8909,397,1041,119281,4,0.26666666666666666,1969,1,0.07692307692307693,no-context-change
'open-file','close-file',3726,0,0,0,0,0,0,0.25,0.0,4,4,5660,18398,3726,116596,6,0.375,129382,0,0.0,no-context-change
'close-file','open-file',1930,0,0,0,0,0,0,0.47058823529411764,8.0,4,4,6965,1474,1930,118392,6,0.35294117647058826,5659,0,0.0,no-context-change
'close-file','close-file',108100,0,0,0,0,0,0,0.42105263157894735,8.0,0,4,99844,102766,108100,12222,7,0.3684210526315789,108101,3,0.17647058823529413,no-context-change
'close-file','close-file',3157,0,0,0,0,0,0,0.4,8.0,0,4,10092,110277,3157,117165,8,0.4,3159,4,0.2222222222222222,no-context-change
'open-file','close-file',6595,0,0,0,0,0,0,2.619047619047619,3.0,3,1,6173,19255,6595,113727,7,0.3333333333333333,119786,1,0.05263157894736842,context-change
'open-file','open-file',111389,0,0,0,0,0,0,0.0,0.0,0,0,111389,111389,111389,111389,0,0.0,0,0,0.0,no-context-change
'switch-file','open-file',42459,0,0,0,0,0,0,0.0,0.0,0,0,68930,42459,42459,68930,0,0.0,0,0,0.0,no-context-change
'switch-file','switch-file',196712,0,0,0,0,0,0,0.0,0.0,0,0,119788,154253,196712,85323,1,0.5,196713,0,0.0,no-context-change
'switch-file','switch-file',120808,0,0,0,0,0,0,0.0,0.0,0,0,43884,78349,120808,9419,1,0.5,317523,0,0.0,no-context-change
'switch-file','switch-file',145041,0,0,0,0,0,0,0.0,0.0,0,0,27199,214938,145041,51671,3,0.75,145043,2,1.0,no-context-change
'switch-file','switch-file',143685,0,0,0,0,0,0,0.0,0.0,0,0,20404,361335,143685,53027,4,0.8,143686,3,1.0,no-context-change
'switch-file','switch-file',7281,0,0,0,0,0,0,0.0,0.0,0,0,119401,641424,7281,189431,5,0.8333333333333334,7283,4,1.0,no-context-change
'switch-file','switch-file',33514,0,0,0,0,0,0,0.0,0.0,0,0,76111,622472,33514,163198,6,0.8571428571428571,33516,5,1.0,no-context-change
'switch-file','switch-file',20349,0,0,0,0,0,0,0.0,0.0,0,0,79762,669151,20349,176363,7,0.875,20351,6,1.0,no-context-change
'open-file','switch-file',30812,0,0,0,0,0,0,1.0,1.0,1,1,60436,80577,30812,165900,1,0.1111111111111111,740674,0,0.0,no-context-change
'switch-file','open-file',153724,0,0,0,0,0,0,0.1,0.0,1,1,68519,556125,153724,42988,8,0.8,184538,1,0.125,no-context-change
'open-file','switch-file',7616,0,0,0,0,0,0,5.909090909090909,5.0,6,5,83818,134585,7616,189096,2,0.18181818181818182,161343,1,0.1111111111111111,no-context-change
'close-file','open-file',313189,0,0,0,0,0,0,0.5833333333333334,0.0,6,6,228740,313189,313189,116477,0,0.0,0,0,0.0,no-context-change
'switch-file','close-file',2693,0,0,0,0,0,0,5.461538461538462,6.0,6,0,99351,860880,2693,310496,9,0.6923076923076923,323502,0,0.0,no-context-change
'switch-file','close-file',2815,0,0,0,0,0,0,0.06666666666666665,5.0,0,5,85809,863451,2815,310374,10,0.6666666666666666,2913,1,0.07692307692307693,no-context-change
'close-file','close-file',3340,0,0,0,0,0,0,0.8823529411764706,1.0,0,6,75029,310039,3340,309849,3,0.17647058823529413,3341,0,0.0,no-context-change
'open-file','close-file',52907,0,0,0,0,0,0,4.166666666666667,2.0,5,1,21293,96910,52907,260282,3,0.16666666666666666,375145,0,0.0,context-change
'open-file','open-file',3704,0,0,0,0,0,0,0.0,0.0,0,0,3704,3704,3704,3704,0,0.0,0,0,0.0,no-context-change
'open-file','open-file',12513,0,0,0,0,0,0,1.0,1.0,1,1,8809,8809,12513,8809,1,1.0,12513,0,0.0,no-context-change
'open-file','open-file',6815,0,0,0,0,0,0,1.0,1.0,1,1,3111,3111,6815,3111,1,1.0,19329,0,0.0,no-context-change
'open-file','open-file',1491,0,0,0,0,0,0,0.5,1.0,1,1,6617,14726,1491,11022,2,1.0,8309,1,1.0,no-context-change
'open-file','open-file',1501,0,0,0,0,0,0,0.6666666666666666,2.0,1,1,6176,21531,1501,11012,3,1.0,2994,2,2.0,no-context-change
'switch-file','open-file',1377,0,0,0,0,0,0,0.5,1.0,1,0,4753,1377,1377,11136,0,0.0,0,0,0.0,no-context-change
'switch-file','switch-file',2376,0,0,0,0,0,0,0.6,1.0,1,0,2828,2376,2376,10137,0,0.0,0,0,0.0,no-context-change
'switch-file','switch-file',1204,0,0,0,0,0,0,0.5,1.0,1,1,3362,173,1204,11309,1,0.16666666666666666,3583,0,0.0,no-context-change
'switch-file','switch-file',1376,0,0,0,0,0,0,0.4285714285714286,1.0,0,0,2877,2377,1376,11137,2,0.2857142857142857,2583,1,0.2,no-context-change
'close-file','switch-file',1337,0,0,0,0,0,0,0.5,1.0,1,0,2535,1337,1337,11176,0,0.0,0,0,0.0,no-context-change
'switch-file','close-file',984,0,0,0,0,0,0,0.5555555555555556,3.0,1,1,2611,5349,984,11529,4,0.4444444444444444,2324,0,0.0,no-context-change
'switch-file','close-file',969,0,0,0,0,0,0,0.4545454545454546,2.0,1,0,2183,6348,969,11544,5,0.45454545454545453,1014,1,0.1111111111111111,no-context-change
'switch-file','switch-file',1655,0,0,0,0,0,0,0.41666666666666663,2.0,0,0,1238,5662,1655,10858,5,0.4166666666666667,2671,3,0.3,no-context-change
'close-file','switch-file',1146,0,0,0,0,0,0,0.3846153846153846,1.0,0,0,1599,233,1146,11367,2,0.15384615384615385,3773,2,0.18181818181818182,no-context-change
'switch-file','close-file',985,0,0,0,0,0,0,0.6428571428571429,5.0,1,1,1682,8956,985,11528,7,0.5,2133,2,0.16666666666666666,no-context-change
'switch-file','switch-file',821,0,0,0,0,0,0,0.33333333333333337,4.0,0,0,1745,9120,821,11692,7,0.4666666666666667,2955,4,0.3076923076923077,no-context-change
'close-file','close-file',4366,0,0,0,0,0,0,0.3529411764705882,2.0,0,0,1996,1841,4366,8147,3,0.17647058823529413,6214,0,0.0,no-context-change
'close-file','close-file',1034,0,0,0,0,0,0,0.33333333333333337,3.0,0,0,1206,1528,1034,11479,4,0.2222222222222222,5403,0,0.0,no-context-change
'open-file','close-file',11660,0,0,0,0,0,0,1.3157894736842106,0.0,1,1,9308,14364,11660,853,5,0.2631578947368421,31391,0,0.0,context-change
'open-file','open-file',2934,0,0,0,0,0,0,0.0,0.0,0,0,2934,2934,2934,2934,0,0.0,0,0,0.0,no-context-change
'open-file','open-file',1133,0,0,0,0,0,0,0.0,0.0,0,0,1133,1133,1133,1133,0,0.0,0,0,0.0,no-context-change
'open-file','open-file',2704,0,0,0,0,0,0,0.0,0.0,0,0,230,230,2704,230,1,1.0,3839,0,0.0,no-context-change
'switch-file','open-file',1851,0,0,0,0,0,0,0.0,0.0,0,0,182,1851,1851,1083,0,0.0,0,0,0.0,no-context-change
'switch-file','switch-file',912,0,0,0,0,0,0,0.0,0.0,0,0,1345,912,912,2022,0,0.0,0,0,0.0,no-context-change
'switch-file','switch-file',1364,0,0,0,0,0,0,0.0,0.0,0,0,791,487,1364,1570,1,0.25,2278,0,0.0,no-context-change
'close-file','switch-file',1324,0,0,0,0,0,0,0.0,0.0,0,0,582,1324,1324,1610,0,0.0,0,0,0.0,no-context-change
'close-file','close-file',1894,0,0,0,0,0,0,0.0,0.0,0,0,78,1894,1894,1040,0,0.0,0,0,0.0,no-context-change
'open-file','close-file',2319,0,0,0,0,0,0,0.0,0.0,0,0,573,4452,2319,615,3,0.42857142857142855,9672,0,0.0,no-context-change
'open-file','open-file',3091,0,0,0,0,0,0,0.0,0.0,0,0,1327,3680,3091,157,3,0.375,12763,2,0.3333333333333333,no-context-change
'close-file','open-file',1618,0,0,0,0,0,0,0.0,0.0,0,0,208,1600,1618,1316,2,0.2222222222222222,7032,0,0.0,no-context-change
'close-file','close-file',818,0,0,0,0,0,0,0.0,0.0,0,0,1134,2400,818,2273,2,0.2,7852,1,0.125,no-context-change
'close-file','close-file',899,0,0,0,0,0,0,0.0,0.0,0,0,1023,3937,899,2192,3,0.2727272727272727,1720,1,0.1111111111111111,no-context-change
'close-file','close-file',2736,0,0,0,0,0,0,0.0,0.0,0,0,906,2918,2736,355,4,0.3333333333333333,3637,2,0.2,no-context-change
'open-file','close-file',24825,0,0,0,0,0,0,2.0,2.0,2,2,22997,12644,24825,21734,5,0.35714285714285715,30903,1,0.08333333333333333,no-context-change
'open-file','open-file',2075,0,0,0,0,0,0,0.0,0.0,0,0,247,10106,2075,1016,5,0.35714285714285715,32979,3,0.25,no-context-change
'open-file','open-file',2963,0,0,0,0,0,0,0.13333333333333333,2.0,2,2,398,34043,2963,21862,6,0.4,5040,3,0.23076923076923078,no-context-change
'open-file','open-file',2415,0,0,0,0,0,0,0.125,2.0,0,2,866,36666,2415,22410,7,0.4375,5381,4,0.2857142857142857,no-context-change
'switch-file','open-file',1513,0,0,0,0,0,0,0.11764705882352941,0.0,0,2,1749,2614,1513,23312,3,0.17647058823529413,48508,1,0.06666666666666667,no-context-change
'open-file','switch-file',2940,0,0,0,0,0,0,0.1111111111111111,2.0,0,2,275,41519,2940,21885,9,0.5,4455,0,0.0,no-context-change
'switch-file','open-file',2561,0,0,0,0,0,0,0.10526315789473684,0.0,0,2,564,3079,2561,22264,4,0.21052631578947367,5502,2,0.11764705882352941,no-context-change
'close-file','switch-file',1438,0,0,0,0,0,0,0.1,0.0,0,2,1678,7851,1438,23387,6,0.3,40740,1,0.05555555555555555,no-context-change
'switch-file','close-file',1066,0,0,0,0,0,0,0.09523809523809523,0.0,0,2,2023,7135,1066,23759,5,0.23809523809523808,2507,0,0.0,no-context-change
'close-file','close-file',760,0,0,0,0,0,0,0.08695652173913043,0.0,0,2,2170,9967,760,24065,7,0.30434782608695654,1852,4,0.19047619047619047,no-context-change
'switch-file','close-file',3299,0,0,0,0,0,0,0.08333333333333333,0.0,0,2,491,5968,3299,21526,6,0.25,4086,1,0.045454545454545456,no-context-change
'close-file','close-file',13777,0,0,0,0,0,0,0.07692307692307693,0.0,0,2,11028,2268,13777,11048,9,0.34615384615384615,17098,5,0.20833333333333334,no-context-change
'open-file','close-file',11058,0,0,0,0,0,0,1.9285714285714286,0.0,2,0,8013,36341,11058,13767,10,0.35714285714285715,34011,2,0.07692307692307693,no-context-change
'open-file','open-file',1388,0,0,0,0,0,0,0.07142857142857142,2.0,0,2,1657,46011,1388,23437,10,0.35714285714285715,35400,6,0.23076923076923078,no-context-change
'open-file','open-file',1287,0,0,0,0,0,0,0.13793103448275862,4.0,2,2,2034,57170,1287,23538,11,0.3793103448275862,2677,6,0.2222222222222222,no-context-change
'open-file','open-file',1459,0,0,0,0,0,0,0.13333333333333333,4.0,0,2,1798,58386,1459,23366,12,0.4,2748,7,0.25,no-context-change
'open-file','open-file',1314,0,0,0,0,0,0,0.12903225806451613,4.0,0,2,1879,59818,1314,23511,13,0.41935483870967744,2776,8,0.27586206896551724,no-context-change
'open-file','open-file',4711,0,0,0,0,0,0,3.875,0.0,4,2,1572,57880,4711,20114,14,0.4375,6028,9,0.3,no-context-change
'open-file','open-file',1666,0,0,0,0,0,0,0.8787878787878788,3.0,1,1,1418,62239,1666,23159,15,0.45454545454545453,6379,10,0.3225806451612903,no-context-change
'open-file','open-file',1428,0,0,0,0,0,0,0.23529411764705882,8.0,4,4,1703,67188,1428,23397,16,0.47058823529411764,3096,11,0.34375,no-context-change
'open-file','open-file',4521,0,0,0,0,0,0,0.7428571428571429,8.0,0,3,1431,65761,4521,20304,17,0.4857142857142857,5951,12,0.36363636363636365,no-context-change
'open-file','open-file',1321,0,0,0,0,0,0,0.25,9.0,0,4,1722,70389,1321,23504,18,0.5,5844,13,0.38235294117647056,no-context-change
'open-file','open-file',1589,0,0,0,0,0,0,0.2702702702702703,10.0,1,4,1494,74642,1589,23236,19,0.5135135135135135,2913,14,0.4,no-context-change
'open-file','open-file',1905,0,0,0,0,0,0,0.2631578947368421,10.0,0,4,1132,75647,1905,22920,20,0.5263157894736842,3496,15,0.4166666666666667,no-context-change
'close-file','open-file',2260,0,0,0,0,0,0,0.2564102564102564,0.0,0,4,740,23044,2260,22565,11,0.28205128205128205,35922,1,0.02702702702702703,no-context-change
'switch-file','close-file',1072,0,0,0,0,0,0,0.75,1.0,1,3,1900,11494,1072,23753,7,0.175,50792,2,0.05263157894736842,no-context-change
'switch-file','switch-file',1263,0,0,0,0,0,0,0.7560975609756098,1.0,1,3,1692,11303,1263,23562,7,0.17073170731707318,52056,2,0.05128205128205128,no-context-change
'close-file','switch-file',1268,0,0,0,0,0,0,0.2619047619047619,0.0,1,4,1642,26296,1268,23557,12,0.2857142857142857,3607,4,0.1,no-context-change
'switch-file','close-file',1039,0,0,0,0,0,0,0.27906976744186046,2.0,1,4,1833,13862,1039,23786,9,0.20930232558139536,2311,3,0.07317073170731707,no-context-change
'switch-file','switch-file',1015,0,0,0,0,0,0,0.2727272727272727,2.0,0,4,1820,13886,1015,23810,9,0.20454545454545456,3326,3,0.07142857142857142,no-context-change
'switch-file','close-file',1028,0,0,0,0,0,0,0.7391304347826086,1.0,1,3,1729,15927,1028,23797,11,0.2391304347826087,1058,4,0.09090909090909091,no-context-change
'switch-file','switch-file',994,0,0,0,0,0,0,0.2553191489361702,2.0,0,4,1705,15961,994,23831,11,0.23404255319148937,2053,4,0.08888888888888889,no-context-change
'switch-file','switch-file',1053,0,0,0,0,0,0,0.7291666666666667,2.0,0,3,1611,16930,1053,23772,12,0.25,2050,4,0.08695652173913043,no-context-change
'switch-file','switch-file',944,0,0,0,0,0,0,0.7346938775510203,2.0,1,3,1686,18033,944,23881,13,0.2653061224489796,2001,5,0.10638297872340426,no-context-change
'close-file','close-file',1215,0,0,0,0,0,0,0.7058823529411764,1.0,0,3,1351,27645,1215,23610,14,0.27450980392156865,5270,6,0.12244897959183673,no-context-change
'open-file','close-file',2021,0,0,0,0,0,0,0.6923076923076923,9.0,0,3,496,79025,2021,22804,22,0.4230769230769231,15247,3,0.06,no-context-change
'open-file','open-file',1616,0,0,0,0,0,0,0.32075471698113206,10.0,1,4,876,79430,1616,23209,22,0.41509433962264153,16865,17,0.3333333333333333,no-context-change
'switch-file','open-file',2152,0,0,0,0,0,0,0.3333333333333333,5.0,1,4,332,18822,2152,22673,15,0.2777777777777778,7039,3,0.057692307692307696,no-context-change
'close-file','switch-file',2384,0,0,0,0,0,0,0.32727272727272727,2.0,0,4,84,27716,2384,22441,16,0.2909090909090909,8179,7,0.1320754716981132,no-context-change
'close-file','close-file',969,0,0,0,0,0,0,0.6785714285714286,1.0,1,3,1493,29131,969,23856,16,0.2857142857142857,9150,7,0.12962962962962962,no-context-change
'close-file','close-file',1459,0,0,0,0,0,0,1.6842105263157894,0.0,2,2,1002,31025,1459,23366,17,0.2982456140350877,2432,7,0.12727272727272726,no-context-change
'close-file','close-file',1044,0,0,0,0,0,0,0.3275862068965517,3.0,1,4,1391,32409,1044,23781,18,0.3103448275862069,2507,8,0.14285714285714285,no-context-change
'close-file','close-file',1238,0,0,0,0,0,0,3.6440677966101696,1.0,3,0,1181,33674,1238,23587,19,0.3220338983050847,2286,9,0.15789473684210525,no-context-change
'switch-file','close-file',1202,0,0,0,0,0,0,3.65,1.0,4,0,1194,21924,1202,23623,16,0.26666666666666666,8307,5,0.08620689655172414,no-context-change
'switch-file','close-file',1098,0,0,0,0,0,0,3.532258064516129,5.0,0,0,1260,23230,1098,23727,17,0.27419354838709675,1168,6,0.1,no-context-change
'switch-file','close-file',1086,0,0,0,0,0,0,0.578125,13.0,4,4,1216,24340,1086,23739,18,0.28125,1120,7,0.11290322580645161,no-context-change
'close-file','close-file',830,0,0,0,0,0,0,0.5606060606060606,13.0,0,4,1419,36464,830,23995,23,0.3484848484848485,1947,11,0.171875,no-context-change
'open-file','close-file',16905,0,0,0,0,0,0,5.447761194029851,5.0,6,2,14689,67778,16905,7920,24,0.3582089552238806,30514,4,0.06153846153846154,no-context-change
'open-file','open-file',2648,0,0,0,0,0,0,0.5441176470588235,11.0,0,4,452,82035,2648,22177,24,0.35294117647058826,33163,18,0.2727272727272727,context-change
'open-file','open-file',6883,0,0,0,0,0,0,0.0,0.0,0,0,6883,6883,6883,6883,0,0.0,0,0,0.0,no-context-change
'open-file','open-file',3404,0,0,0,0,0,0,0.0,0.0,0,0,3479,3479,3404,3479,1,1.0,3406,0,0.0,no-context-change
'open-file','open-file',1259,0,0,0,0,0,0,0.0,0.0,0,0,5624,5624,1259,5624,1,1.0,4666,0,0.0,no-context-change
'switch-file','open-file',1203,0,0,0,0,0,0,0.0,0.0,0,0,3940,1203,1203,5680,0,0.0,0,0,0.0,no-context-change
'switch-file','switch-file',566,0,0,0,0,0,0,0.0,0.0,0,0,3282,566,566,6317,0,0.0,0,0,0.0,no-context-change
'switch-file','switch-file',713,0,0,0,0,0,0,0.0,0.0,0,0,2474,490,713,6170,1,0.25,1282,0,0.0,no-context-change
'switch-file','switch-file',540,0,0,0,0,0,0,0.0,0.0,0,0,2123,1229,540,6343,2,0.4,1256,1,0.3333333333333333,no-context-change
'close-file','close-file',1053,0,0,0,0,0,0,0.0,0.0,0,0,1028,1053,1053,5830,0,0.0,0,0,0.0,no-context-change
'switch-file','close-file',898,0,0,0,0,0,0,0.0,0.0,0,0,926,2124,898,5985,4,0.5,1979,0,0.0,no-context-change
'close-file','close-file',776,0,0,0,0,0,0,0.0,0.0,0,0,878,302,776,6107,2,0.2,1696,1,0.125,no-context-change
'close-file','close-file',977,0,0,0,0,0,0,0.0,0.0,0,0,528,119,977,5906,3,0.2727272727272727,1757,1,0.1111111111111111,no-context-change
'open-file','close-file',14624,0,0,0,0,0,0,7.0,7.0,7,7,13216,3078,14624,7741,3,0.23076923076923078,21409,0,0.0,context-change
'open-file','open-file',2764,0,0,0,0,0,0,0.0,0.0,0,0,2764,2764,2764,2764,0,0.0,0,0,0.0,no-context-change
'open-file','open-file',3275,0,0,0,0,0,0,0.0,0.0,0,0,511,511,3275,511,1,1.0,3276,0,0.0,no-context-change
'open-file','open-file',2844,0,0,0,0,0,0,1.0,1.0,1,1,80,80,2844,80,1,1.0,6122,0,0.0,no-context-change
'open-file','open-file',3935,0,0,0,0,0,0,1.0,1.0,1,1,916,2104,3935,660,2,1.0,6781,1,1.0,no-context-change
'open-file','open-file',1306,0,0,0,0,0,0,0.3333333333333333,1.0,1,1,1655,7577,1306,1969,3,1.0,5242,2,2.0,no-context-change
'open-file','open-file',1208,0,0,0,0,0,0,0.5,2.0,1,1,1996,11610,1208,2727,4,1.0,2517,3,1.5,no-context-change
'open-file','open-file',1786,0,0,0,0,0,0,0.6,1.0,1,0,1038,12338,1786,2149,5,1.0,2997,4,1.3333333333333333,no-context-change
'open-file','open-file',1033,0,0,0,0,0,0,0.3333333333333333,2.0,0,1,1522,14299,1033,2902,6,1.0,2821,5,1.25,no-context-change
'switch-file','open-file',1245,0,0,0,0,0,0,0.5714285714285714,1.0,0,0,1200,1245,1245,2690,0,0.0,0,0,0.0,no-context-change
'switch-file','switch-file',1038,0,0,0,0,0,0,0.625,1.0,1,0,1230,1038,1038,2897,0,0.0,0,0,0.0,no-context-change
'close-file','switch-file',966,0,0,0,0,0,0,0.4444444444444444,0.0,1,1,1189,966,966,2969,0,0.0,0,0,0.0,no-context-change
'close-file','close-file',1276,0,0,0,0,0,0,0.5,1.0,0,0,767,1276,1276,2659,0,0.0,0,0,0.0,no-context-change
'switch-file','close-file',2283,0,0,0,0,0,0,0.5454545454545454,1.0,1,0,338,0,2283,1652,2,0.18181818181818182,4531,0,0.0,no-context-change
'switch-file','switch-file',1394,0,0,0,0,0,0,0.5,1.0,0,0,495,889,1394,2541,2,0.16666666666666666,5926,1,0.1,no-context-change
'close-file','close-file',1444,0,0,0,0,0,0,0.4285714285714286,0.0,0,0,438,798,1444,2491,2,0.14285714285714285,5153,1,0.08333333333333333,no-context-change
'close-file','close-file',966,0,0,0,0,0,0,0.6,2.0,1,1,792,1303,966,2969,3,0.2,2413,1,0.07692307692307693,no-context-change
'close-file','close-file',1240,0,0,0,0,0,0,0.625,3.0,1,1,499,2473,1240,2695,4,0.25,2210,2,0.14285714285714285,no-context-change
'close-file','close-file',728,0,0,0,0,0,0,0.5882352941176471,3.0,0,1,965,3951,728,3207,5,0.29411764705882354,1971,3,0.2,no-context-change
'switch-file','close-file',981,0,0,0,0,0,0,0.5555555555555556,4.0,0,1,687,4979,981,2954,4,0.2222222222222222,5395,1,0.0625,no-context-change
'close-file','close-file',2291,0,0,0,0,0,0,0.5,2.0,1,0,705,4356,2291,1644,7,0.35,3306,5,0.2777777777777778,no-context-change
'open-file','close-file',17283,0,0,0,0,0,0,4.476190476190476,2.0,4,4,15771,868,17283,13348,8,0.38095238095238093,33214,0,0.0,context-change
'open-file','open-file',8605,0,0,0,0,0,0,0.0,0.0,0,0,8605,8605,8605,8605,0,0.0,0,0,0.0,no-context-change
'open-file','open-file',1676,0,0,0,0,0,0,1.0,1.0,1,1,1676,1676,1676,1676,0,0.0,0,0,0.0,no-context-change
'open-file','open-file',899,0,0,0,0,0,0,0.0,0.0,0,0,7706,7706,899,7706,1,1.0,2577,0,0.0,no-context-change
'open-file','open-file',913,0,0,0,0,0,0,0.5,1.0,1,1,4227,9368,913,7692,2,1.0,1814,1,1.0,no-context-change
'close-file','open-file',1879,0,0,0,0,0,0,0.3333333333333333,0.0,0,1,1847,1879,1879,6726,0,0.0,0,0,0.0,no-context-change
'close-file','close-file',1078,0,0,0,0,0,0,0.75,1.0,1,0,1945,1078,1078,7527,0,0.0,0,0,0.0,no-context-change
'switch-file','close-file',709,0,0,0,0,0,0,0.8,1.0,1,0,2085,709,709,7896,0,0.0,0,0,0.0,no-context-change
'switch-file','switch-file',587,0,0,0,0,0,0,0.6666666666666667,1.0,0,0,1921,587,587,8018,0,0.0,0,0,0.0,no-context-change
'close-file','switch-file',1075,0,0,0,0,0,0,0.5714285714285714,0.0,0,0,1176,1882,1075,7530,2,0.2857142857142857,2375,0,0.0,no-context-change
'switch-file','close-file',741,0,0,0,0,0,0,0.5,2.0,1,1,1302,555,741,7864,2,0.25,1820,1,0.16666666666666666,no-context-change
'switch-file','switch-file',1894,0,0,0,0,0,0,0.4444444444444444,1.0,0,0,41,598,1894,6711,2,0.2222222222222222,3716,1,0.14285714285714285,no-context-change
'open-file','close-file',1164,0,0,0,0,0,0,0.4545454545454546,0.0,0,0,659,10929,1164,7441,4,0.36363636363636365,9176,0,0.0,no-context-change
'open-file','open-file',3423,0,0,0,0,0,0,0.41666666666666663,0.0,0,0,1749,8670,3423,5182,4,0.3333333333333333,12599,3,0.3,no-context-change
'open-file','open-file',1012,0,0,0,0,0,0,0.6153846153846154,2.0,1,1,623,12245,1012,7593,5,0.38461538461538464,4437,3,0.2727272727272727,no-context-change
'close-file','open-file',1736,0,0,0,0,0,0,0.6428571428571429,3.0,1,1,26,2332,1736,6869,4,0.2857142857142857,7340,1,0.08333333333333333,no-context-change
'close-file','close-file',894,0,0,0,0,0,0,0.4,2.0,1,0,818,3174,894,7711,4,0.26666666666666666,8237,1,0.07692307692307693,no-context-change
'close-file','close-file',1079,0,0,0,0,0,0,0.5625,3.0,0,1,635,4725,1079,7526,5,0.3125,1978,1,0.07142857142857142,no-context-change
'open-file','close-file',14740,0,0,0,0,0,0,8.411764705882353,6.0,8,8,13075,2952,14740,6135,7,0.4117647058823529,18457,1,0.06666666666666667,context-change
'open-file','open-file',2892,0,0,0,0,0,0,0.0,0.0,0,0,2892,2892,2892,2892,0,0.0,0,0,0.0,no-context-change
'open-file','open-file',1162,0,0,0,0,0,0,0.0,0.0,0,0,1162,1162,1162,1162,0,0.0,0,0,0.0,no-context-change
'open-file','open-file',2494,0,0,0,0,0,0,1.0,1.0,1,1,398,398,2494,398,1,1.0,3658,0,0.0,no-context-change
'open-file','open-file',872,0,0,0,0,0,0,0.0,0.0,0,0,1155,3182,872,2020,2,1.0,3367,1,1.0,no-context-change
'open-file','open-file',1636,0,0,0,0,0,0,0.6666666666666667,0.0,0,0,546,4912,1636,1256,3,1.0,2511,2,2.0,no-context-change
'close-file','open-file',1654,0,0,0,0,0,0,0.75,1.0,1,0,201,1654,1654,1238,0,0.0,0,0,0.0,no-context-change
'close-file','close-file',1275,0,0,0,0,0,0,0.6,1.0,0,0,536,1275,1275,1617,0,0.0,0,0,0.0,no-context-change
'close-file','close-file',1252,0,0,0,0,0,0,0.5,1.0,1,1,533,402,1252,1640,1,0.16666666666666666,2530,0,0.0,no-context-change
'close-file','close-file',1292,0,0,0,0,0,0,0.4285714285714286,1.0,0,0,420,1637,1292,1600,2,0.2857142857142857,2546,1,0.2,no-context-change
'switch-file','close-file',1159,0,0,0,0,0,0,0.5,1.0,1,0,495,1159,1159,1733,0,0.0,0,0,0.0,no-context-change
'open-file','close-file',1050,0,0,0,0,0,0,0.6,2.0,1,1,518,8006,1050,1842,5,0.5,7721,0,0.0,no-context-change
'open-file','open-file',6667,0,0,0,0,0,0,0.4545454545454546,1.0,1,0,5239,2389,6667,3775,5,0.45454545454545453,14388,4,0.4444444444444444,no-context-change
'close-file','open-file',2059,0,0,0,0,0,0,0.5,2.0,1,0,662,3443,2059,833,5,0.4166666666666667,9778,1,0.1,no-context-change
'close-file','close-file',2645,0,0,0,0,0,0,9.461538461538462,7.0,9,9,843,2857,2645,4022,5,0.38461538461538464,12426,3,0.2727272727272727,no-context-change
'open-file','close-file',2033,0,0,0,0,0,0,9.428571428571429,7.0,9,9,213,14740,2033,4634,7,0.5,6743,1,0.08333333333333333,no-context-change
'open-file','open-file',2446,0,0,0,0,0,0,0.19999999999999996,2.0,0,9,571,14327,2446,4221,7,0.4666666666666667,9189,5,0.38461538461538464,no-context-change
'close-file','open-file',11525,0,0,0,0,0,0,1.75,14.0,1,10,9640,1319,11525,4858,7,0.4375,16008,2,0.14285714285714285,no-context-change
'close-file','close-file',1284,0,0,0,0,0,0,0.7058823529411764,13.0,0,9,634,8922,1284,5383,7,0.4117647058823529,17294,4,0.26666666666666666,no-context-change
'switch-file','switch-file',1117,0,0,0,0,0,0,0.5789473684210527,0.0,0,9,1273,42,1117,10408,1,0.05263157894736842,30924,0,0.0,no-context-change
'close-file','close-file',1183,0,0,0,0,0,0,0.5238095238095237,14.0,0,9,1035,21832,1183,10342,9,0.42857142857142855,2381,5,0.2631578947368421,no-context-change
'open-file','close-file',27299,0,0,0,0,0,0,4.5,8.0,5,4,25180,6047,27299,15774,9,0.4090909090909091,42494,2,0.1,context-change
'open-file','open-file',4708,0,0,0,0,0,0,0.0,0.0,0,0,4708,4708,4708,4708,0,0.0,0,0,0.0,no-context-change
'open-file','open-file',13594,0,0,0,0,0,0,0.0,0.0,0,0,8886,8886,13594,8886,1,1.0,13595,0,0.0,no-context-change
'open-file','open-file',673,0,0,0,0,0,0,0.0,0.0,0,0,4035,4035,673,4035,1,1.0,14268,0,0.0,no-context-change
'open-file','open-file',1810,0,0,0,0,0,0,1.0,1.0,1,1,7341,16492,1810,11784,2,1.0,2484,1,1.0,no-context-change
'open-file','open-file',974,0,0,0,0,0,0,0.0,0.0,0,0,5351,18001,974,12620,3,1.0,2786,2,2.0,no-context-change
'open-file','open-file',1438,0,0,0,0,0,0,0.75,0.0,0,0,3758,19347,1438,12156,4,1.0,2415,3,1.5,no-context-change
'open-file','open-file',796,0,0,0,0,0,0,0.2,1.0,0,1,3555,20963,796,12798,5,1.0,2236,4,1.3333333333333333,no-context-change
'open-file','open-file',1642,0,0,0,0,0,0,0.6666666666666667,1.0,0,0,2224,21555,1642,11952,6,1.0,2439,5,1.25,no-context-change
'open-file','open-file',998,0,0,0,0,0,0,0.2857142857142857,2.0,0,1,2429,22995,998,12596,7,1.0,2643,6,1.2,no-context-change
'open-file','open-file',1088,0,0,0,0,0,0,0.375,3.0,1,1,2116,24547,1088,12506,8,1.0,2088,7,1.1666666666666667,no-context-change
'switch-file','open-file',1493,0,0,0,0,0,0,0.3333333333333333,0.0,0,1,1466,1493,1493,12101,0,0.0,0,0,0.0,no-context-change
'switch-file','switch-file',605,0,0,0,0,0,0,0.7,1.0,1,0,2167,605,605,12989,0,0.0,0,0,0.0,no-context-change
'close-file','switch-file',1140,0,0,0,0,0,0,0.7272727272727273,1.0,1,0,1515,1140,1140,12454,0,0.0,0,0,0.0,no-context-change
'close-file','close-file',918,0,0,0,0,0,0,0.3333333333333333,0.0,1,1,1566,918,918,12676,0,0.0,0,0,0.0,no-context-change
'switch-file','close-file',972,0,0,0,0,0,0,0.38461538461538464,1.0,1,1,1409,1126,972,12622,2,0.15384615384615385,3032,0,0.0,no-context-change
'close-file','close-file',951,0,0,0,0,0,0,0.6666666666666667,0.0,1,0,1238,1107,951,12643,2,0.13333333333333333,1967,1,0.07692307692307693,no-context-change
'close-file','close-file',833,0,0,0,0,0,0,0.375,2.0,1,1,1222,1266,833,12761,3,0.1875,1787,1,0.07142857142857142,no-context-change
'close-file','close-file',1324,0,0,0,0,0,0,0.5882352941176471,2.0,0,0,666,1726,1324,12270,4,0.23529411764705882,2161,2,0.13333333333333333,no-context-change
'close-file','close-file',1189,0,0,0,0,0,0,0.6111111111111112,2.0,1,0,737,2694,1189,12405,5,0.2777777777777778,2524,3,0.1875,no-context-change
'close-file','close-file',2262,0,0,0,0,0,0,0.5789473684210527,3.0,0,0,368,2945,2262,11332,6,0.3157894736842105,3460,4,0.23529411764705882,no-context-change
'switch-file','close-file',785,0,0,0,0,0,0,0.55,0.0,0,0,1074,2285,785,12809,3,0.15,7404,1,0.05555555555555555,no-context-change
'switch-file','close-file',1089,0,0,0,0,0,0,0.5,2.0,1,1,739,2766,1089,12505,4,0.18181818181818182,1146,2,0.1,no-context-change
'open-file','close-file',17654,0,0,0,0,0,0,5.5,3.0,6,5,15930,10067,17654,4060,10,0.4166666666666667,31380,0,0.0,context-change
'open-file','open-file',4184,0,0,0,0,0,0,0.0,0.0,0,0,4184,4184,4184,4184,0,0.0,0,0,0.0,no-context-change
'open-file','open-file',3150,0,0,0,0,0,0,0.0,0.0,0,0,3150,3150,3150,3150,0,0.0,0,0,0.0,no-context-change
'open-file','open-file',1352,0,0,0,0,0,0,0.0,0.0,0,0,2832,2832,1352,2832,1,1.0,4505,0,0.0,no-context-change
'open-file','open-file',879,0,0,0,0,0,0,0.0,0.0,0,0,2788,6455,879,3305,2,1.0,2234,1,1.0,no-context-change
'open-file','open-file',1170,0,0,0,0,0,0,0.0,0.0,0,0,1725,7516,1170,3014,3,1.0,2050,2,2.0,no-context-change
'open-file','open-file',935,0,0,0,0,0,0,0.0,0.0,0,0,1456,8630,935,3249,4,1.0,2107,3,1.5,no-context-change
'open-file','open-file',800,0,0,0,0,0,0,0.0,0.0,0,0,1347,9935,800,3384,5,1.0,1737,4,1.3333333333333333,no-context-change
'switch-file','open-file',1856,0,0,0,0,0,0,0.0,0.0,0,0,89,1856,1856,2328,0,0.0,0,0,0.0,no-context-change
'switch-file','switch-file',672,0,0,0,0,0,0,0.0,0.0,0,0,1109,672,672,3512,0,0.0,0,0,0.0,no-context-change
'switch-file','switch-file',1414,0,0,0,0,0,0,0.0,0.0,0,0,376,442,1414,2770,1,0.125,2087,0,0.0,no-context-change
'switch-file','switch-file',1031,0,0,0,0,0,0,0.0,0.0,0,0,635,1497,1031,3153,2,0.2222222222222222,2447,1,0.14285714285714285,no-context-change
'open-file','switch-file',455,0,0,0,0,0,0,1.0,1.0,1,1,455,455,455,455,0,0.0,0,0,0.0,no-context-change
'close-file','open-file',499,0,0,0,0,0,0,1.0,1.0,1,1,499,499,499,499,0,0.0,0,0,0.0,no-context-change
'close-file','close-file',12853,0,0,0,0,0,0,0.33333333333333337,0.0,0,0,12535,12354,12853,12354,1,0.3333333333333333,12855,0,0.0,no-context-change
'open-file','close-file',14820,0,0,0,0,0,0,7.25,7.0,7,7,11369,14365,14820,1967,1,0.25,28178,0,0.0,context-change
'add-file','open-file',665371,0,0,0,0,0,0,8.0,8.0,8,8,665371,665371,665371,665371,0,0.0,0,0,0.0,context-change
'add-package','add-file',998622,0,0,0,0,0,0,1.0,1.0,1,1,998622,998622,998622,998622,0,0.0,0,0,0.0,context-change
'add-file','add-package',26859,0,0,0,0,0,0,0.0,0.0,0,0,26859,26859,26859,26859,0,0.0,0,0,0.0,no-context-change
'open-file','add-file',1362960,94,0,0,86,0,0,1.0,1.0,1,1,1336101,1362960,1362960,1336101,0,0.0,0,0,0.0,context-change
'open-file','open-file',28896,0,0,0,0,0,0,1.0,1.0,1,1,28896,28896,28896,28896,0,0.0,0,0,0.0,no-context-change
'switch-file','open-file',17215,0,0,0,0,0,0,0.0,1.0,0,0,11681,17215,17215,11681,0,0.0,0,0,0.0,no-context-change
'switch-file','close-file',8616,0,0,0,0,0,0,0.0,0.0,0,0,6776,8599,8616,20280,1,0.3333333333333333,8687,0,0.0,context-change
'open-file','switch-file',17192,0,0,0,0,0,0,1.0,1.0,1,1,17192,17192,17192,17192,0,0.0,0,0,0.0,context-change
'open-file','open-file',770957,0,0,0,0,0,0,1.0,1.0,1,1,770957,770957,770957,770957,0,0.0,0,0,0.0,context-change
'close-file','open-file',567175,0,0,0,0,0,0,7.0,7.0,7,7,567175,567175,567175,567175,0,0.0,0,0,0.0,no-context-change
'open-file','open-file',18739,0,0,0,0,0,0,1.0,1.0,1,1,18739,18739,18739,18739,0,0.0,0,0,0.0,no-context-change
'open-file','open-file',7155,0,0,0,0,0,0,0.0,0.0,0,0,7155,7155,7155,7155,0,0.0,0,0,0.0,no-context-change
'open-file','open-file',5438,0,0,0,0,0,0,0.0,0.0,0,0,13301,13301,5438,13301,1,1.0,12597,0,0.0,no-context-change
'switch-file','open-file',2686,0,0,0,0,0,0,0.5,1.0,1,0,10261,2686,2686,16053,0,0.0,0,0,0.0,no-context-change
'switch-file','switch-file',2018,0,0,0,0,0,0,0.33333333333333337,1.0,0,0,8426,2018,2018,16721,0,0.0,0,0,0.0,no-context-change
'switch-file','switch-file',2834,0,0,0,0,0,0,0.75,1.0,1,1,5670,148,2834,15905,1,0.25,4856,0,0.0,no-context-change
'close-file','switch-file',1635,0,0,0,0,0,0,0.19999999999999996,1.0,0,0,5572,1635,1635,17104,0,0.0,0,0,0.0,no-context-change
'close-file','close-file',1977,0,0,0,0,0,0,0.6666666666666666,0.0,0,1,4501,1977,1977,16762,0,0.0,0,0,0.0,no-context-change
'open-file','close-file',126126,14,0,0,1,0,0,0.7142857142857143,2.0,1,1,120340,94794,126126,107387,3,0.42857142857142855,137347,0,0.0,no-context-change
'open-file','open-file',56455,10,64,7,2,6,0,0.5555555555555556,2.0,0,1,37721,101003,56455,69671,4,0.4444444444444444,56456,2,0.2857142857142857,no-context-change
'open-file','open-file',3197,10,64,7,2,6,0,0.4444444444444444,1.0,1,0,15537,154261,3197,122929,4,0.4444444444444444,59655,2,0.2857142857142857,no-context-change
'switch-file','open-file',1822,10,64,7,2,6,0,0.5,2.0,0,1,20684,5716,1822,124304,3,0.3,191222,1,0.125,no-context-change
'close-file','switch-file',2467,10,64,7,2,6,0,0.5454545454545454,1.0,1,1,18283,1145,2467,123659,2,0.18181818181818182,190077,1,0.1111111111111111,no-context-change
'close-file','close-file',1992,10,64,7,2,6,0,0.5,0.0,1,0,17181,1620,1992,124134,2,0.16666666666666666,192073,1,0.1,no-context-change
'add-file','close-file',8849,10,64,7,2,6,0,0.5384615384615384,1.0,1,0,9039,8849,8849,117277,0,0.0,0,0,0.0,no-context-change
'add-file','close-file',8849,10,64,7,2,6,0,0.5384615384615384,1.0,1,0,9039,8849,8849,117277,0,0.0,0,0,0.0,no-context-change
'switch-file','add-file',93810,0,14,0,1,4,0,0.4666666666666667,1.0,0,0,77584,84450,93810,32316,4,0.26666666666666666,107151,0,0.0,no-context-change
'switch-file','switch-file',2131,0,14,0,1,4,0,0.4375,1.0,0,0,13633,7229,2131,123995,4,0.25,109283,2,0.14285714285714285,no-context-change
'switch-file','switch-file',2239,0,14,0,1,4,0,0.5882352941176471,3.0,1,1,18116,100931,2239,123887,5,0.29411764705882354,4372,2,0.13333333333333333,no-context-change
'close-file','switch-file',2887,0,14,0,1,4,0,0.6111111111111112,2.0,1,1,16456,5184,2887,123239,4,0.2222222222222222,109946,2,0.125,no-context-change
'close-file','close-file',1824,0,14,0,1,4,0,0.42105263157894735,1.0,1,0,16619,6247,1824,124302,4,0.21052631578947367,111772,2,0.11764705882352941,no-context-change
'close-file','close-file',1766,0,14,0,1,4,0,0.44999999999999996,1.0,1,0,15899,9192,1766,124360,5,0.25,3594,2,0.1111111111111111,no-context-change
'close-file','close-file',1704,0,14,0,1,4,0,0.5714285714285714,3.0,1,1,15206,11078,1704,124422,6,0.2857142857142857,3473,3,0.15789473684210525,no-context-change
'add-file','close-file',11427,0,14,0,1,4,0,0.40909090909090906,1.0,0,0,4795,6271,11427,114699,2,0.09090909090909091,117800,1,0.05,context-change
'open-file','add-file',65426,0,8,0,0,8,0,0.0,0.0,0,0,65426,65426,65426,65426,0,0.0,0,0,0.0,no-context-change
'open-file','open-file',2913,0,8,0,0,8,0,0.0,0.0,0,0,2913,2913,2913,2913,0,0.0,0,0,0.0,no-context-change
'open-file','open-file',2801,0,8,0,0,8,0,0.0,0.0,0,0,62625,62625,2801,62625,1,1.0,5716,0,0.0,no-context-change
'switch-file','open-file',2928,0,8,0,0,8,0,0.0,0.0,0,0,31241,2928,2928,62498,0,0.0,0,0,0.0,no-context-change
'switch-file','switch-file',8252,0,8,0,0,8,0,0.0,0.0,0,0,15461,8252,8252,57174,0,0.0,0,0,0.0,no-context-change
'close-file','switch-file',3345,0,8,0,0,8,0,0.0,0.0,0,0,15172,3345,3345,62081,0,0.0,0,0,0.0,no-context-change
'close-file','close-file',1855,0,8,0,0,8,0,0.0,0.0,0,0,14609,1855,1855,63571,0,0.0,0,0,0.0,no-context-change
'switch-file','close-file',2473,0,8,0,0,8,0,0.0,0.0,0,0,11804,8707,2473,62953,2,0.3333333333333333,7679,0,0.0,no-context-change
'switch-file','switch-file',5449,0,8,0,0,8,0,0.0,0.0,0,0,7053,5731,5449,59977,2,0.2857142857142857,13129,1,0.2,no-context-change
'switch-file','switch-file',5449,0,8,0,0,8,0,0.0,0.0,0,0,7053,5731,5449,59977,2,0.2857142857142857,13129,1,0.2,no-context-change
'switch-file','switch-file',506076,0,8,0,0,8,0,0.0,0.0,0,0,495472,486974,506076,440650,4,0.4444444444444444,506077,2,0.2857142857142857,no-context-change
'switch-file','switch-file',1700,0,8,0,0,8,0,0.0,0.0,0,0,8389,22851,1700,63726,5,0.5,507779,3,0.375,no-context-change
'open-file','switch-file',2703,0,8,0,0,8,0,0.0,0.0,0,0,52475,68437,2703,503373,3,0.2727272727272727,534795,0,0.0,no-context-change
'open-file','switch-file',2703,0,8,0,0,8,0,0.0,0.0,0,0,52475,68437,2703,503373,3,0.2727272727272727,534795,0,0.0,no-context-change
'open-file','open-file',308938,0,8,0,0,8,0,0.0,0.0,0,0,261910,235095,308938,197138,4,0.3076923076923077,308939,2,0.18181818181818182,no-context-change
'switch-file','open-file',6056,0,8,0,0,8,0,0.0,0.0,0,0,55478,526271,6056,500020,7,0.4666666666666667,317701,1,0.07692307692307693,no-context-change
'close-file','switch-file',6219,0,8,0,0,8,0,0.0,0.0,0,0,51847,1019,6219,499857,2,0.125,839627,1,0.07142857142857142,no-context-change
'close-file','close-file',1845,0,8,0,0,8,0,0.0,0.0,0,0,56221,3355,1845,504231,2,0.125,841473,1,0.07142857142857142,no-context-change
'switch-file','close-file',1120,0,8,0,0,8,0,0.0,0.0,0,0,53896,537263,1120,504956,8,0.47058823529411764,9189,1,0.06666666666666667,no-context-change
'close-file','close-file',43287,0,8,0,0,8,0,0.0,0.0,0,0,3628,29969,43287,462789,5,0.25,43289,2,0.1111111111111111,no-context-change
'add-package','close-file',19872,0,8,0,0,8,0,2.0,2.0,2,2,26870,19872,19872,486204,0,0.0,0,0,0.0,context-change
'add-file','add-package',14076,0,0,0,0,0,0,0.0,0.0,0,0,14076,14076,14076,14076,0,0.0,0,0,0.0,no-context-change
'add-file','add-file',24743,0,0,0,0,0,0,0.0,0.0,0,0,10667,10667,24743,10667,1,1.0,24744,0,0.0,no-context-change
'open-file','add-file',18016,0,0,0,0,0,0,1.0,1.0,1,1,1393,18016,18016,6727,0,0.0,0,0,0.0,no-context-change
'open-file','open-file',6966,0,0,0,0,0,0,0.0,0.0,0,0,12443,6966,6966,17777,0,0.0,0,0,0.0,no-context-change
'open-file','open-file',2645,0,0,0,0,0,0,0.3333333333333333,1.0,1,1,16300,15371,2645,22098,1,0.3333333333333333,9615,0,0.0,no-context-change
'switch-file','open-file',2643,0,0,0,0,0,0,0.25,0.0,0,1,13307,2643,2643,22100,0,0.0,0,0,0.0,no-context-change
'switch-file','switch-file',2750,0,0,0,0,0,0,0.2,0.0,0,1,10539,2750,2750,21993,0,0.0,0,0,0.0,no-context-change
'open-file','switch-file',1986,0,0,0,0,0,0,0.16666666666666666,1.0,0,1,9528,25641,1986,22757,3,0.5,7384,0,0.0,no-context-change
'switch-file','open-file',2280,0,0,0,0,0,0,0.8571428571428572,1.0,1,0,7982,3113,2280,22463,2,0.2857142857142857,4269,1,0.2,no-context-change
'switch-file','switch-file',1609,0,0,0,0,0,0,0.125,0.0,0,1,7619,3784,1609,23134,2,0.25,5880,1,0.16666666666666666,no-context-change
'switch-file','switch-file',2413,0,0,0,0,0,0,0.7777777777777778,0.0,0,0,6043,5260,2413,22330,3,0.3333333333333333,4025,1,0.14285714285714285,no-context-change
'switch-file','switch-file',1645,0,0,0,0,0,0,0.2,1.0,0,1,6126,7637,1645,23098,4,0.4,4061,2,0.25,no-context-change
'switch-file','switch-file',6145,0,0,0,0,0,0,0.2727272727272727,2.0,1,1,1139,5550,6145,18598,5,0.45454545454545453,7794,3,0.3333333333333333,no-context-change
'close-file','close-file',1628,0,0,0,0,0,0,0.23076923076923078,0.0,0,1,5134,1628,1628,23115,0,0.0,0,0,0.0,no-context-change
'switch-file','close-file',1502,0,0,0,0,0,0,0.21428571428571427,2.0,0,1,4780,17983,1502,23241,7,0.5,3181,0,0.0,no-context-change
'switch-file','switch-file',2682,0,0,0,0,0,0,0.2,2.0,0,1,3290,16803,2682,22061,7,0.4666666666666667,5865,5,0.38461538461538464,no-context-change
'switch-file','close-file',1426,0,0,0,0,0,0,0.8235294117647058,1.0,1,0,4090,22243,1426,23317,9,0.5294117647058824,1477,1,0.06666666666666667,no-context-change
'switch-file','switch-file',1291,0,0,0,0,0,0,0.8333333333333334,1.0,1,0,3921,22378,1291,23452,9,0.5,2770,6,0.375,no-context-change
'switch-file','close-file',2068,0,0,0,0,0,0,0.25,4.0,1,1,2758,24318,2068,22675,11,0.55,2119,2,0.1111111111111111,no-context-change
'switch-file','switch-file',1797,0,0,0,0,0,0,0.7142857142857143,3.0,0,0,2802,24589,1797,22946,11,0.5238095238095238,3918,7,0.3684210526315789,no-context-change
'close-file','close-file',3353,0,0,0,0,0,0,0.6956521739130435,0.0,0,0,1014,1586,3353,21390,4,0.17391304347826086,7271,1,0.047619047619047616,no-context-change
'add-file','close-file',10781,0,0,0,0,0,0,0.6666666666666667,1.0,0,0,6594,28038,10781,13962,2,0.08333333333333333,75855,0,0.0,context-change
'open-file','add-file',5147,0,0,0,0,0,0,0.0,0.0,0,0,5147,5147,5147,5147,0,0.0,0,0,0.0,no-context-change
'open-file','open-file',1841,0,0,0,0,0,0,0.0,0.0,0,0,1841,1841,1841,1841,0,0.0,0,0,0.0,no-context-change
'open-file','open-file',1605,0,0,0,0,0,0,0.0,0.0,0,0,3542,3542,1605,3542,1,1.0,3449,0,0.0,no-context-change
'open-file','open-file',1812,0,0,0,0,0,0,0.0,0.0,0,0,1682,5176,1812,3335,2,1.0,3422,1,1.0,no-context-change
'open-file','open-file',2881,0,0,0,0,0,0,0.0,0.0,0,0,17,5712,2881,2266,3,1.0,4698,2,2.0,no-context-change
'switch-file','open-file',4555,0,0,0,0,0,0,0.0,0.0,0,0,1954,4555,4555,592,0,0.0,0,0,0.0,no-context-change
'switch-file','close-file',1374,0,0,0,0,0,0,0.0,0.0,0,0,1599,3181,1374,3773,1,0.16666666666666666,1419,0,0.0,no-context-change
'switch-file','close-file',1249,0,0,0,0,0,0,0.0,0.0,0,0,1158,4680,1249,3898,2,0.25,1294,1,0.16666666666666666,no-context-change
'switch-file','close-file',1334,0,0,0,0,0,0,0.0,0.0,0,0,720,5844,1334,3813,3,0.3,1397,2,0.25,no-context-change
'close-file','close-file',2421,0,0,0,0,0,0,0.0,0.0,0,0,723,2232,2421,2726,4,0.2857142857142857,4257,0,0.0,no-context-change
'open-file','close-file',25027,0,0,0,0,0,0,7.0,7.0,7,7,23439,11741,25027,19880,5,0.3333333333333333,38001,0,0.0,context-change
'open-file','open-file',84448,0,0,0,0,0,0,0.0,0.0,0,0,84448,84448,84448,84448,0,0.0,0,0,0.0,no-context-change
'open-file','open-file',9363,0,0,0,0,0,0,0.0,0.0,0,0,9363,9363,9363,9363,0,0.0,0,0,0.0,no-context-change
'switch-file','open-file',10644,0,0,0,0,0,0,0.0,0.0,0,0,73804,10644,10644,73804,0,0.0,0,0,0.0,no-context-change
'switch-file','switch-file',7039,0,0,0,0,0,0,0.0,0.0,0,0,39866,7039,7039,77409,0,0.0,0,0,0.0,no-context-change
'switch-file','switch-file',5283,0,0,0,0,0,0,0.0,0.0,0,0,29535,5361,5283,79165,1,0.3333333333333333,12325,0,0.0,no-context-change
'open-file','switch-file',6560,0,0,0,0,0,0,1.0,1.0,1,1,21313,87251,6560,77888,2,0.5,29533,0,0.0,no-context-change
'open-file','open-file',5225,0,0,0,0,0,0,0.0,0.0,0,0,18130,88586,5225,79223,2,0.4,34759,1,0.3333333333333333,no-context-change
'close-file','open-file',25879,0,0,0,0,0,0,0.8333333333333334,1.0,0,0,5323,25879,25879,58569,0,0.0,0,0,0.0,no-context-change
'close-file','close-file',1857,0,0,0,0,0,0,0.14285714285714285,0.0,0,1,16509,1857,1857,82591,0,0.0,0,0,0.0,no-context-change
'close-file','close-file',1718,0,0,0,0,0,0,0.75,0.0,0,0,17587,24161,1718,82730,1,0.125,3582,0,0.0,no-context-change
'close-file','close-file',3662,0,0,0,0,0,0,0.7777777777777778,0.0,1,0,13704,24074,3662,80786,2,0.2222222222222222,5385,1,0.14285714285714285,no-context-change
'open-file','close-file',5640,0,0,0,0,0,0,1.7,1.0,1,1,10161,99956,5640,78808,4,0.4,38769,0,0.0,context-change
'open-file','open-file',6058,0,0,0,0,0,0,0.0,0.0,0,0,6058,6058,6058,6058,0,0.0,0,0,0.0,no-context-change
'open-file','open-file',3100,0,0,0,0,0,0,0.0,0.0,0,0,3100,3100,3100,3100,0,0.0,0,0,0.0,no-context-change
'open-file','open-file',3379,0,0,0,0,0,0,0.0,0.0,0,0,2679,2679,3379,2679,1,1.0,6481,0,0.0,no-context-change
'switch-file','open-file',4520,0,0,0,0,0,0,0.0,0.0,0,0,59,4520,4520,1538,0,0.0,0,0,0.0,no-context-change
'switch-file','switch-file',3586,0,0,0,0,0,0,0.0,0.0,0,0,593,3586,3586,2472,0,0.0,0,0,0.0,no-context-change
'switch-file','switch-file',9800,0,0,0,0,0,0,0.0,0.0,0,0,5536,5280,9800,3742,1,0.25,13389,0,0.0,no-context-change
'switch-file','switch-file',6509,0,0,0,0,0,0,0.0,0.0,0,0,2381,1597,6509,451,2,0.4,16312,1,0.3333333333333333,no-context-change
'close-file','switch-file',50871,0,0,0,0,0,0,1.0,1.0,1,1,45593,50871,50871,41071,0,0.0,0,0,0.0,no-context-change
'open-file','switch-file',20342,0,0,0,0,0,0,6.0,6.0,6,6,20342,20342,20342,20342,0,0.0,0,0,0.0,no-context-change
'open-file','open-file',169819,0,0,0,0,0,0,3.0,0.0,0,0,159648,149477,169819,149477,1,0.5,169821,0,0.0,no-context-change
'switch-file','open-file',1768,0,0,0,0,0,0,3.0,6.0,0,0,8403,1768,1768,18574,1,0.5,191936,0,0.0,no-context-change
'close-file','switch-file',114,0,0,0,0,0,0,3.0,6.0,0,0,10057,114,114,20228,0,0.0,0,0,0.0,no-context-change
'close-file','close-file',3412,0,0,0,0,0,0,4.5,0.0,6,6,44570,3412,3412,166407,0,0.0,0,0,0.0,no-context-change
'open-file','close-file',10656,0,0,0,0,0,0,2.2,5.0,1,1,27752,179505,10656,159163,2,0.4,15956,0,0.0,no-context-change
'open-file','open-file',4512,0,0,0,0,0,0,4.0,12.0,0,6,28063,185649,4512,165307,2,0.3333333333333333,20469,1,0.25,no-context-change
'switch-file','open-file',6959,0,0,0,0,0,0,4.428571428571429,6.0,7,7,22485,5191,6959,162860,2,0.2857142857142857,25661,1,0.2,no-context-change
'close-file','switch-file',12845,0,0,0,0,0,0,2.4444444444444446,5.0,1,6,11330,9319,12845,156974,2,0.2222222222222222,34978,1,0.14285714285714285,no-context-change
'switch-file','close-file',2235,0,0,0,0,0,0,2.4444444444444446,5.0,1,6,21940,6492,2235,167584,3,0.3333333333333333,15082,0,0.0,no-context-change
'close-file','close-file',1742,0,0,0,0,0,0,3.0,7.0,1,7,19409,14629,1742,168077,3,0.2727272727272727,4052,1,0.1111111111111111,no-context-change
'open-file','close-file',26933,0,0,0,0,0,0,4.25,12.0,7,0,7539,178396,26933,142886,4,0.3333333333333333,50794,1,0.1,no-context-change
'open-file','open-file',2989,0,0,0,0,0,0,2.5384615384615383,19.0,0,7,15047,202340,2989,166830,4,0.3076923076923077,53784,2,0.18181818181818182,no-context-change
'open-file','open-file',2500,0,0,0,0,0,0,2.857142857142857,26.0,7,7,16171,229762,2500,167319,5,0.35714285714285715,5491,2,0.16666666666666666,no-context-change
'open-file','open-file',5220,0,0,0,0,0,0,1.6666666666666665,25.0,1,6,12406,230031,5220,164599,6,0.4,7722,3,0.23076923076923078,no-context-change
'open-file','open-file',2779,0,0,0,0,0,0,2.5,26.0,0,7,13902,234972,2779,167040,7,0.4375,8002,4,0.2857142857142857,no-context-change
'switch-file','open-file',4412,0,0,0,0,0,0,1.4117647058823528,6.0,0,6,11594,6550,4412,165407,4,0.23529411764705882,46657,2,0.13333333333333333,no-context-change
'switch-file','switch-file',2680,0,0,0,0,0,0,2.2777777777777777,7.0,0,7,12591,8282,2680,167139,4,0.2222222222222222,49339,0,0.0,no-context-change
'switch-file','switch-file',4801,0,0,0,0,0,0,2.210526315789474,8.0,1,7,9899,10573,4801,165018,5,0.2631578947368421,7484,0,0.0,no-context-change
'close-file','switch-file',1781,0,0,0,0,0,0,2.1,7.0,0,7,12318,16402,1781,168038,5,0.25,54108,3,0.16666666666666666,no-context-change
'close-file','close-file',1795,0,0,0,0,0,0,1.0,6.0,1,6,11861,16388,1795,168024,5,0.23809523809523808,55906,2,0.10526315789473684,no-context-change
'close-file','close-file',1203,0,0,0,0,0,0,1.9090909090909092,7.0,0,7,11913,18761,1203,168616,6,0.2727272727272727,3004,2,0.1,no-context-change
'open-file','close-file',9390,0,0,0,0,0,0,0.8695652173913044,26.0,0,6,3234,236360,9390,160429,9,0.391304347826087,26077,2,0.09523809523809523,no-context-change
'close-file','open-file',9776,0,0,0,0,0,0,1.7916666666666667,8.0,0,7,2372,13186,9776,160043,8,0.3333333333333333,19170,0,0.0,no-context-change
'open-file','close-file',8628,0,0,0,0,0,0,0.76,27.0,0,6,3410,246512,8628,161191,10,0.4,18407,3,0.13043478260869565,no-context-change
'open-file','open-file',3487,0,0,0,0,0,0,1.6923076923076923,28.0,0,7,8464,251653,3487,166332,10,0.38461538461538464,21896,6,0.25,no-context-change
'open-file','open-file',20961,0,0,0,0,0,0,0.6666666666666667,28.0,0,6,9133,242807,20961,148858,11,0.4074074074074074,24452,6,0.24,no-context-change
'switch-file','open-file',4369,0,0,0,0,0,0,0.6071428571428572,7.0,1,6,7161,18486,4369,165450,7,0.25,61410,3,0.11538461538461539,no-context-change
'open-file','close-file',2264,0,0,0,0,0,0,0.5666666666666667,29.0,0,6,9341,285952,2264,167555,13,0.43333333333333335,6682,4,0.14285714285714285,no-context-change
'close-file','open-file',4691,0,0,0,0,0,0,1.5483870967741935,9.0,1,7,6541,28090,4691,165128,10,0.3225806451612903,6958,1,0.034482758620689655,no-context-change
'open-file','close-file',4980,0,0,0,0,0,0,1.53125,31.0,1,7,5972,285500,4980,164839,14,0.4375,9674,5,0.16666666666666666,no-context-change
'close-file','open-file',7005,0,0,0,0,0,0,1.4848484848484849,9.0,0,7,3757,30467,7005,162814,11,0.3333333333333333,11989,2,0.06451612903225806,no-context-change
'open-file','close-file',3259,0,0,0,0,0,0,1.4411764705882353,31.0,0,7,7333,292201,3259,166560,15,0.4411764705882353,10268,6,0.1875,no-context-change
'close-file','open-file',2291,0,0,0,0,0,0,1.4,9.0,0,7,8199,42186,2291,167528,12,0.34285714285714286,5553,3,0.09090909090909091,no-context-change
'switch-file','close-file',1450,0,0,0,0,0,0,0.36111111111111116,8.0,1,6,8839,25774,1450,168369,8,0.2222222222222222,25996,1,0.029411764705882353,no-context-change
'switch-file','close-file',1500,0,0,0,0,0,0,0.3157894736842106,9.0,0,6,8346,27174,1500,168319,9,0.23684210526315788,1546,2,0.05555555555555555,no-context-change
'close-file','close-file',1733,0,0,0,0,0,0,0.2749999999999999,8.0,0,6,7659,45077,1733,168086,14,0.35,3293,4,0.10526315789473684,no-context-change
'close-file','close-file',1445,0,0,0,0,0,0,1.2682926829268293,10.0,1,7,7719,45419,1445,168374,15,0.36585365853658536,3181,4,0.10256410256410256,no-context-change
'open-file','close-file',3815,0,0,0,0,0,0,0.7380952380952381,29.0,1,5,5172,294904,3815,166004,16,0.38095238095238093,12343,7,0.175,no-context-change
'open-file','open-file',2170,0,0,0,0,0,0,1.2325581395348837,31.0,0,7,6642,296549,2170,167649,16,0.37209302325581395,14515,8,0.1951219512195122,no-context-change
'open-file','open-file',1967,0,0,0,0,0,0,1.25,33.0,2,7,6731,300567,1967,167852,17,0.38636363636363635,4140,8,0.19047619047619047,no-context-change
'open-file','open-file',3166,0,0,0,0,0,0,1.2222222222222223,33.0,0,7,5387,301538,3166,166653,18,0.4,5136,9,0.20930232558139536,no-context-change
'open-file','open-file',1987,0,0,0,0,0,0,1.1956521739130435,33.0,0,7,6423,304684,1987,167832,19,0.41304347826086957,5157,10,0.22727272727272727,no-context-change
'open-file','open-file',2459,0,0,0,0,0,0,1.1702127659574468,33.0,0,7,5840,307378,2459,167360,20,0.425531914893617,4450,11,0.24444444444444444,no-context-change
'open-file','open-file',2397,0,0,0,0,0,0,1.1458333333333333,33.0,0,7,5770,309427,2397,167422,21,0.4375,4860,12,0.2608695652173913,no-context-change
'open-file','open-file',4672,0,0,0,0,0,0,1.1224489795918366,33.0,0,7,3379,309611,4672,165147,22,0.4489795918367347,7073,13,0.2765957446808511,no-context-change
'open-file','open-file',2492,0,0,0,0,0,0,1.1,33.0,0,7,5445,314188,2492,167327,23,0.46,7168,14,0.2916666666666667,no-context-change
'open-file','open-file',4503,0,0,0,0,0,0,1.0784313725490196,33.0,0,7,3370,316849,4503,165316,24,0.47058823529411764,6999,15,0.30612244897959184,no-context-change
'open-file','open-file',2697,0,0,0,0,0,0,1.0576923076923077,33.0,0,7,5073,321147,2697,167122,25,0.4807692307692308,7204,16,0.32,no-context-change
'open-file','open-file',3405,0,0,0,0,0,0,1.0377358490566038,33.0,0,7,4303,324942,3405,166414,26,0.49056603773584906,6104,17,0.3333333333333333,no-context-change
'switch-file','open-file',136169,0,0,0,0,0,0,1.0185185185185186,11.0,0,7,128554,105995,136169,33650,10,0.18518518518518517,175159,4,0.07692307692307693,no-context-change
'switch-file','switch-file',2028,0,0,0,0,0,0,1.0,11.0,0,7,5511,28146,2028,167791,10,0.18181818181818182,177189,2,0.03773584905660377,no-context-change
'switch-file','switch-file',9273,0,0,0,0,0,0,0.9821428571428571,11.0,0,7,563,157070,9273,160546,11,0.19642857142857142,11305,2,0.037037037037037035,no-context-change
'switch-file','switch-file',6432,0,0,0,0,0,0,0.9649122807017544,11.0,0,7,3267,161939,6432,163387,12,0.21052631578947367,15709,3,0.05454545454545454,no-context-change
'switch-file','switch-file',6322,0,0,0,0,0,0,0.9482758620689655,11.0,0,7,3369,171322,6322,163497,13,0.22413793103448276,12756,4,0.07142857142857142,no-context-change
'switch-file','switch-file',6840,0,0,0,0,0,0,0.9322033898305084,11.0,0,7,2796,177236,6840,162979,14,0.23728813559322035,13163,5,0.08771929824561403,no-context-change
'switch-file','switch-file',7302,0,0,0,0,0,0,0.9166666666666666,11.0,0,7,2279,183096,7302,162517,15,0.25,14145,6,0.10344827586206896,no-context-change
'close-file','switch-file',11498,0,0,0,0,0,0,0.9016393442622951,11.0,0,7,1962,38544,11498,158321,17,0.2786885245901639,221627,7,0.11864406779661017,no-context-change
'close-file','close-file',1861,0,0,0,0,0,0,0.8870967741935484,11.0,0,7,7639,48181,1861,167958,17,0.27419354838709675,223491,6,0.1,no-context-change
'close-file','close-file',1806,0,0,0,0,0,0,0.873015873015873,11.0,0,7,7726,59734,1806,168013,18,0.2857142857142857,3671,6,0.09836065573770492,no-context-change
'close-file','close-file',3312,0,0,0,0,0,0,0.859375,11.0,0,7,6100,60089,3312,166507,19,0.296875,5122,7,0.11290322580645161,no-context-change
'close-file','close-file',1936,0,0,0,0,0,0,0.8461538461538461,11.0,0,7,7359,63271,1936,167883,20,0.3076923076923077,5267,8,0.12698412698412698,no-context-change
'switch-file','close-file',1881,0,0,0,0,0,0,0.8333333333333334,11.0,0,7,7323,202659,1881,167938,17,0.25757575757575757,22320,3,0.046875,no-context-change
'close-file','switch-file',3099,0,0,0,0,0,0,0.8208955223880597,11.0,0,7,5997,67356,3099,166720,22,0.3283582089552239,4984,8,0.12307692307692308,no-context-change
'close-file','close-file',2302,0,0,0,0,0,0,0.8088235294117647,11.0,0,7,6688,68153,2302,167517,22,0.3235294117647059,7288,10,0.15151515151515152,no-context-change
'close-file','close-file',2378,0,0,0,0,0,0,0.7971014492753623,11.0,0,7,6526,71176,2378,167441,23,0.3333333333333333,4685,10,0.14925373134328357,no-context-change
'close-file','close-file',3028,0,0,0,0,0,0,0.7857142857142857,11.0,0,7,5782,72828,3028,166791,24,0.34285714285714286,5411,11,0.16176470588235295,no-context-change
'switch-file','close-file',4375,0,0,0,0,0,0,0.7746478873239436,11.0,0,7,4344,202046,4375,165444,18,0.2535211267605634,15192,4,0.057971014492753624,no-context-change
'switch-file','close-file',3012,0,0,0,0,0,0,0.7534246575342466,11.0,0,7,5570,207784,3012,166807,19,0.2602739726027397,3072,5,0.07042253521126761,no-context-change
'close-file','close-file',7766,0,0,0,0,0,0,0.7333333333333333,11.0,0,7,628,73553,7766,162053,27,0.36,10842,13,0.1780821917808219,no-context-change
'open-file','close-file',10697,0,0,0,0,0,0,1.276315789473684,31.0,2,5,2413,323752,10697,159122,28,0.3684210526315789,233489,8,0.10810810810810811,no-context-change
'open-file','open-file',3576,0,0,0,0,0,0,0.7142857142857143,33.0,0,7,4701,330873,3576,166243,28,0.36363636363636365,237066,19,0.25333333333333335,no-context-change
'open-file','open-file',4103,0,0,0,0,0,0,0.7307692307692307,35.0,2,7,4205,341043,4103,165716,29,0.3717948717948718,7682,19,0.25,no-context-change
'switch-file','open-file',104310,0,0,0,0,0,0,0.7215189873417721,11.0,0,7,96061,109498,104310,65509,20,0.25316455696202533,130522,5,0.06493506493506493,no-context-change
'switch-file','switch-file',3684,0,0,0,0,0,0,0.7125,11.0,0,7,4513,210124,3684,166135,20,0.25,134208,8,0.10256410256410256,no-context-change
'switch-file','switch-file',2935,0,0,0,0,0,0,0.7037037037037037,11.0,0,7,6448,315183,2935,166884,21,0.25925925925925924,6623,8,0.10126582278481013,no-context-change
'switch-file','switch-file',3815,0,0,0,0,0,0,0.6951219512195121,11.0,0,7,5499,317987,3815,166004,22,0.2682926829268293,6754,9,0.1125,no-context-change
'open-file','close-file',2360,0,0,0,0,0,0,0.6785714285714286,35.0,0,7,6812,350465,2360,167459,31,0.36904761904761907,117159,9,0.10975609756097561,no-context-change
'open-file','open-file',3139,0,0,0,0,0,0,0.6705882352941176,35.0,0,7,5926,349686,3139,166680,31,0.36470588235294116,120299,21,0.25301204819277107,no-context-change
'open-file','open-file',6956,0,0,0,0,0,0,0.6627906976744186,35.0,0,7,2031,348229,6956,162863,32,0.37209302325581395,10097,21,0.25,no-context-change
'switch-file','open-file',7365,0,0,0,0,0,0,0.6551724137931034,11.0,0,7,1555,321187,7365,162454,24,0.27586206896551724,19871,6,0.07058823529411765,no-context-change
'switch-file','switch-file',3967,0,0,0,0,0,0,0.6477272727272727,11.0,0,7,4930,324585,3967,165852,24,0.2727272727272727,23839,11,0.12790697674418605,no-context-change
'switch-file','switch-file',2074,0,0,0,0,0,0,0.6404494382022472,11.0,0,7,6806,333843,2074,167745,25,0.2808988764044944,6044,11,0.12643678160919541,no-context-change
'switch-file','switch-file',2708,0,0,0,0,0,0,0.6333333333333333,11.0,0,7,6118,337176,2708,167111,26,0.28888888888888886,4786,12,0.13636363636363635,no-context-change
'open-file','switch-file',444782,0,0,0,0,0,0,5.380434782608695,29.0,6,1,436096,79502,444782,274963,34,0.3695652173913043,460905,1,0.011111111111111112,context-change
